[0, [32003, 
5, 
1548, 
['q2', 'q3', 'q4', 'q5', 'b3'],
[0, 0, 0, 0, 1],
[1,
[[1548,
[22638, 7105, 3014, 22733, 1280, 29712, 14348, 31280, 3640, 9975, 19794, 28567, 26500, 13549, 22082, 3347, 29894, 16956, 27667, 30866, 13935, 20827, 19666, 28959, 4958, 27627, 4090, 30409, 20043, 25639, 11805, 31399, 17451, 26429, 19706, 5523, 12952, 31040, 15217, 4902, 2343, 5908, 21158, 18051, 5322, 8150, 10775, 1860, 19672, 13468, 1802, 8121, 8159, 2157, 19338, 21052, 25128, 21332, 15772, 25752, 24315, 20996, 26610, 14867, 16797, 20957, 29625, 13776, 2686, 30325, 15240, 23632, 4069, 10822, 24834, 23721, 2775, 4215, 6477, 9835, 4080, 30608, 26792, 19625, 25250, 16280, 7680, 16110, 18668, 9256, 27331, 16161, 26588, 11958, 25682, 19508, 27252, 23520, 6211, 4782, 14022, 13342, 23450, 2393, 15142, 21392, 14647, 18358, 6571, 27881, 10705, 5653, 2030, 22503, 15712, 31441, 20765, 15778, 11527, 18646, 21321, 24373, 15223, 3754, 13534, 20851, 8619, 18805, 8216, 27159, 21187, 8939, 14612, 28361, 16399, 25691, 30180, 25062, 11146, 21165, 12246, 9175, 1092, 14367, 19415, 389, 8332, 6608, 25652, 7883, 30875, 13804, 4537, 22280, 25973, 13187, 29037, 22099, 4556, 5746, 25974, 7077, 15356, 17868, 23681, 1538, 29764, 7914, 14609, 8212, 23890, 2699, 11607, 27149, 31924, 20453, 25888, 8988, 1797, 4383, 15703, 31585, 7588, 13394, 13888, 13836, 4879, 9068, 1904, 5288, 1478, 7280, 30313, 16743, 15173, 1761, 20311, 14649, 14137, 20480, 16826, 14334, 10802, 28214, 27097, 14336, 27233, 15037, 8935, 16506, 23745, 16099, 23159, 15832, 6840, 26356, 6378, 26998, 31785, 20076, 23771, 20059, 26289, 7907, 28722, 26611, 8502, 30759, 24760, 14629, 12183, 29606, 7310, 3390, 14853, 27942, 334, 9736, 29671, 4991, 8155, 30378, 24675, 12395, 29329, 17386, 17908, 5185, 14145, 10005, 29650, 6533, 11043, 10820, 22338, 9689, 16788, 2622, 9527, 12523, 921, 7015, 18824, 6501, 17256, 18550, 9684, 23702, 16122, 24200, 10623, 14253, 2703, 12923, 27228, 7712, 20818, 27738, 25478, 7368, 7962, 2540, 13568, 25808, 9894, 13023, 15839, 17551, 2341, 21080, 6645, 24546, 2306, 21515, 21386, 31266, 21794, 4251, 9256, 14181, 9479, 17832, 22878, 31298, 23851, 18899, 13517, 19476, 22376, 19260, 22506, 20884, 29419, 22449, 1643, 972, 360, 7959, 26916, 5666, 728, 6576, 28748, 20698, 2251, 21270, 1582, 12520, 27528, 13109, 27182, 10631, 17306, 5244, 15402, 6347, 20311, 1646, 25683, 23177, 23606, 25414, 4923, 25550, 19042, 12952, 31785, 879, 27131, 23983, 6175, 27033, 21763, 16165, 26219, 20477, 8209, 20135, 6392, 17123, 9349, 28099, 23840, 17435, 8515, 6215, 2488, 3981, 22944, 25036, 27109, 4218, 13266, 18074, 21690, 22939, 21485, 14501, 18449, 23601, 23502, 8988, 17505, 22256, 30766, 15489, 11743, 29780, 19134, 21186, 18344, 13553, 9727, 3571, 19194, 27798, 5508, 4389, 23129, 19091, 12834, 26131, 17753, 13135, 7359, 23521, 14117, 6827, 14830, 7743, 19347, 3945, 13709, 24505, 30812, 6092, 4417, 20856, 30344, 627, 18282, 27292, 31974, 11603, 8389, 15748, 19792, 2044, 29567, 29664, 11935, 21949, 1120, 25795, 28398, 14642, 2622, 15215, 4775, 31084, 130, 24100, 5283, 13355, 2457, 412, 790, 17996, 30597, 6982, 28990, 31710, 21723, 12792, 894, 30119, 17700, 29080, 25141, 26108, 21224, 21569, 6230, 4938, 29284, 5212, 6283, 2507, 19808, 12409, 7256, 1725, 1719, 11612, 17343, 31800, 17401, 23230, 19854, 25863, 30538, 2228, 13571, 12150, 30567, 31318, 16312, 18726, 26338, 28036, 22606, 20184, 394, 20787, 13755, 18595, 7706, 16905, 25155, 17542, 26256, 30120, 22639, 5817, 16908, 945, 22017, 17558, 19492, 19971, 18658, 17697, 2120, 14437, 18461, 29167, 24838, 2293, 31294, 25518, 24859, 31425, 18015, 1839, 23750, 2714, 9506, 29785, 4399, 28094, 14866, 20010, 20914, 21072, 3574, 1453, 21385, 17610, 15161, 23274, 28404, 17548, 2614, 21912, 5935, 8278, 21787, 2342, 19544, 11948, 13689, 13385, 5629, 18929, 13657, 9389, 22468, 1735, 24504, 6073, 1791, 9162, 11500, 26406, 11658, 13014, 9749, 12247, 19980, 28569, 31754, 23450, 30997, 23904, 15371, 7105, 31834, 8072, 20895, 11763, 10730, 4227, 7703, 16441, 30041, 26513, 11322, 28597, 12485, 19913, 17523, 19506, 5431, 13051, 29663, 19707, 17816, 19435, 25153, 12227, 3215, 17265, 14983, 6993, 17027, 24141, 12083, 7035, 15056, 4708, 4991, 24176, 14046, 20197, 14607, 22414, 11701, 11913, 23431, 21715, 28332, 314, 8708, 24763, 26659, 27749, 8658, 13854, 17990, 30101, 19879, 19290, 243, 10051, 6816, 20123, 29385, 4874, 16038, 357, 14802, 12068, 28893, 797, 21289, 11755, 16662, 31427, 19536, 22714, 18305, 5233, 2832, 11443, 24824, 18749, 14849, 23960, 31455, 22288, 13672, 31316, 22297, 26361, 12747, 14670, 27302, 18204, 22492, 22734, 12458, 23096, 1349, 11055, 25669, 6539, 27654, 14984, 13994, 19810, 29981, 22979, 28404, 29278, 13587, 10917, 20088, 22442, 10770, 23538, 20533, 11173, 17364, 26547, 1856, 9452, 3026, 9834, 23340, 27323, 10878, 955, 843, 5697, 6935, 3194, 19879, 12292, 8464, 31564, 16409, 5690, 28498, 103, 6065, 23260, 17885, 31677, 16837, 27796, 7687, 25947, 22468, 7232, 1395, 31630, 1737, 24258, 10006, 13330, 27750, 9262, 7156, 21749, 16036, 25981, 30746, 22695, 10003, 17659, 10331, 6937, 8344, 22028, 11664, 23108, 28119, 244, 16739, 1853, 14285, 19514, 30068, 14977, 21289, 18815, 28477, 2704, 22602, 31559, 28332, 1584, 8883, 2055, 20687, 30970, 26880, 2387, 13042, 21564, 24776, 25657, 20375, 12947, 2593, 25599, 30977, 18732, 12386, 30084, 25133, 29807, 18785, 10093, 9484, 28603, 21412, 2795, 3226, 21618, 13418, 8232, 31045, 24037, 27131, 17368, 8341, 9071, 18924, 6593, 10020, 19421, 17882, 2675, 15661, 1191, 23002, 21309, 5970, 27254, 15832, 22740, 21957, 4382, 10544, 6700, 9889, 20903, 22195, 3839, 19205, 28320, 28447, 26542, 16145, 25939, 25589, 14911, 10779, 14655, 7325, 28838, 24740, 5591, 2870, 12451, 31151, 29492, 15478, 14233, 20229, 4607, 2466, 14733, 18489, 10442, 16985, 6099, 2304, 11798, 11596, 22274, 22970, 17280, 24034, 29295, 4468, 8779, 2264, 7483, 10136, 2014, 17490, 2589, 5381, 6385, 17199, 5773, 24847, 29771, 27375, 1392, 42, 23295, 14509, 25896, 5940, 9628, 12222, 27078, 3672, 18342, 26940, 30539, 9102, 23377, 9164, 3982, 27793, 25059, 12488, 8998, 30065, 18453, 25680, 22359, 21686, 19185, 18890, 22648, 27204, 19862, 8044, 10287, 5376, 543, 2629, 20785, 13686, 31666, 1210, 23167, 23089, 108, 20906, 20928, 22651, 21673, 21490, 26976, 17387, 2291, 26255, 7456, 18775, 15934, 1053, 16442, 29058, 10035, 14314, 16399, 30171, 6167, 8590, 29665, 31382, 29616, 31460, 24324, 19872, 10833, 1734, 16030, 8535, 27595, 23643, 19271, 23397, 15676, 14130, 9277, 22736, 28305, 18936, 24998, 10758, 18617, 1953, 3443, 14013, 17380, 14115, 8256, 13635, 6784, 5720, 14461, 25203, 10443, 14837, 19655, 24592, 8483, 24954, 1272, 20780, 11839, 18026, 31092, 26731, 11288, 8414, 16714, 5181, 17515, 30235, 1354, 13577, 26548, 3212, 43, 8359, 30053, 29357, 23842, 11687, 10576, 460, 29813, 6157, 23630, 22, 26287, 22043, 29010, 24782, 3555, 865, 18789, 25740, 22765, 6479, 911, 27843, 4269, 30194, 1614, 17185, 2803, 5648, 22819, 3881, 9600, 29818, 30468, 348, 7111, 30332, 13892, 626, 26473, 9320, 9652, 7643, 24859, 6361, 8456, 1785, 24812, 18648, 18294, 20393, 4085, 14046, 2597, 25188, 29992, 21790, 3544, 1839, 8716, 22761, 16249, 18661, 9530, 5551, 18344, 10215, 7947, 30711, 14335, 26142, 24131, 20155, 13533, 26932, 17400, 2929, 3560, 11079, 6579, 13222, 5339, 849, 25341, 24776, 5179, 10895, 26137, 1329, 28040, 28958, 18774, 15693, 14275, 5, 11889, 18496, 9106, 17688, 15973, 28022, 18031, 22433, 10898, 17663, 14825, 4349, 20716, 24035, 2415, 13238, 24772, 31182, 19501, 12282, 4474, 20662, 14355, 17203, 19504, 23507, 24154, 8475, 20457, 10469, 3384, 25592, 17427, 18050, 226, 26999, 27171, 22853, 11933, 10670, 18441, 520, 29752, 29246, 566, 20804, 21921, 26120, 9879, 8790, 8073, 21768, 11478, 16875, 26851, 878, 4145, 22995, 25825, 17737, 20535, 14758, 22001, 31296, 27735, 7331, 15657, 25538, 22582, 27678, 9715, 14957, 8763, 22529, 5055, 19302, 5119, 9843, 3199, 4826, 15179, 4208, 16148, 7045, 31321, 12869, 9387, 22939, 2542, 4932, 3286, 10371, 24857, 29494, 29389, 9224, 1629, 11778, 9821, 3028, 17693, 14267, 14430, 22960, 6105, 413, 8167, 23465, 28707, 16000, 20457, 14776, 1434, 27880, 31, 25627, 27352, 11951, 594, 29155, 20105, 30242, 27548, 25837, 19585, 30111, 21952, 10689, 12553, 9845, 22124, 24788, 23112, 10883, 26140, 31536, 26657, 13556, 3096, 9200, 4297, 20793, 20408, 28627, 2112, 19661, 12781, 11983, 4390, 7504, 5900, 25418, 20267, 7636, 10827, 22323, 2053, 28401, 16529, 29768, 10658, 5915, 311, 15308, 2471, 21424, 2825, 24229, 14916, 20984, 28221, 22403, 14025, 6382, 10622, 31747, 26298, 15431, 27401, 27795, 27311, 20299, 13303, 27579, 9754, 15953, 5123, 5115, 7518, 30854, 28711, 24567, 28737, 28863, 3012, 17009, 19006, 20266, 20489, 2637, 2346, 9975, 16002, 31704, 23195, 16224, 11311, 22832, 9243, 1660, 2811, 28622, 3708, 1446, 24146, 29111, 12440, 9875, 28409, 1206, 14833, 28375, 22591, 18689, 28028, 27130, 5491, 1560, 14432, 44, 26501, 14966, 10858, 5631, 10615, 29002, 10902, 31091, 18271, 4800, 17420, 8153, 14129, 2284, 21976, 6848, 27674, 10436, 11043, 6996, 5736, 14533, 21316, 11335, 13584, 25050, 29969, 23169, 30048, 25337, 16485, 23671, 11920, 15575, 21966, 7226, 22826, 15446, 1925, 21263, 19638, 31975, 1633, 155, 3860, 10392, 27879, 1625, 12623, 18831, 26749, 17122, 30619, 8770, 23278, 24738, 26382, 17693, 14013, 15735, 3717, 13053, 23893, 28810, 1469, 26893, 17522, 23184, 22616, 29585, 8380, 6769, 22653, 22499, 24091, 28104, 25334, 22282, 17982, 9999, 511, 29871, 14365, 5514, 15508, 11098, 20301, 18573, 17610, 12303, 24309, 2067, 21318, 22833, 19696, 11107, 7503, 9242, 6019, 2184, 7350, 15450, 14262, 26442, 1301, 1889, 14480, 2677, 22090, 13536, 26974, 29110, 28864, 1132, 2401, 21773, 20229, 23452, 14941, 27664, 12712, 6215, 5606, 31525, 19012, 2657, 3240, 5064, 4505, 25601, 15653, 10307, 24757, 14324, 10168, 30390, 10077, 15985, 24847, 25111, 28251, 21475, 7560, 12899, 19032, 230, 1570, 29087, 22933, 5467, 9322, 12685, 22446, 14885, 1420, 5037, 8340, 25248, 18884, 23497, 1570, 3241, 12750, 29060, 21954, 21401, 21516, 12695, 31807, 2620, 6196, 1707, 21430, 8081, 3321, 23404, 8672, 16633, 3856, 25514, 14623, 1067, 12980, 25703, 5962, 10469, 7299, 27642, 4352, 26388, 11965, 14765, 13034, 18085, 24965, 27321, 22615, 3331, 1591, 4268, 1984, 4194, 2043, 5046, 1531, 31724, 5511, 30006, 2273, 15734, 20190, 11842, 6757, 18451, 13884, 29801, 5970, 31721, 18353, 7406, 19743, 12145, 29245, 28525, 24933, 30945, 265, 8533, 1986, 7248, 24823, 1]],
[0,
[1]],
[
[[1547,
[31265, 11326, 15305, 12307, 17223, 23617, 27748, 91, 16535, 7069, 1829, 6134, 523, 8546, 4781, 15663, 21309, 5739, 26826, 21544, 25549, 24675, 30162, 12516, 11765, 19659, 23788, 19755, 15196, 10977, 21792, 4783, 4925, 18413, 27411, 5968, 8284, 1426, 19453, 20151, 24968, 17696, 6958, 20227, 31236, 15651, 9584, 13421, 11842, 25212, 13979, 29350, 5004, 22859, 30622, 25986, 932, 10822, 17686, 17017, 16818, 21605, 28118, 18111, 23889, 13106, 8343, 30858, 17000, 5504, 22802, 10426, 30997, 27937, 7054, 6200, 26119, 5641, 14925, 15484, 517, 22996, 4514, 11265, 21779, 4289, 24641, 6104, 12268, 22202, 3005, 2798, 23097, 9060, 15731, 21287, 10761, 10401, 20912, 15277, 4727, 9537, 25924, 19756, 2030, 29523, 30973, 12150, 22268, 6229, 25872, 10240, 19808, 25904, 27747, 4069, 4023, 9490, 8969, 4498, 23574, 2339, 396, 28747, 28181, 3650, 323, 18624, 17746, 2607, 2094, 14971, 67, 8780, 19354, 11218, 28536, 23801, 4106, 29663, 23523, 876, 23896, 11193, 18709, 2184, 20648, 17059, 27372, 24577, 8340, 21134, 12506, 11184, 26923, 28009, 16095, 30426, 13047, 28099, 10903, 20742, 30258, 25093, 9193, 23194, 19533, 9014, 22051, 30334, 342, 4721, 29784, 540, 20242, 9348, 4629, 10383, 21169, 1054, 4744, 19627, 26235, 23567, 18916, 20468, 30753, 13370, 24076, 30198, 24134, 8896, 8028, 14214, 24046, 2681, 28350, 11676, 1556, 2272, 17395, 5727, 18814, 19381, 30610, 2490, 4472, 26998, 29202, 10516, 6089, 21174, 29164, 4394, 8164, 8669, 4144, 27063, 6613, 31404, 24164, 12450, 25787, 15071, 9523, 23243, 7155, 14986, 30953, 23448, 2001, 23468, 22246, 21892, 17638, 12443, 28090, 30690, 9885, 22332, 18396, 11054, 11619, 27265, 708, 1237, 11237, 18029, 1075, 18006, 30989, 24288, 23533, 3589, 13829, 7671, 24735, 30814, 28957, 563, 19296, 8779, 9794, 11543, 21960, 24759, 19025, 28299, 2561, 188, 28038, 24008, 27553, 10701, 14815, 31615, 17209, 26340, 57, 24522, 25006, 24712, 20543, 10947, 32001, 30002, 10499, 6676, 32002, 4719, 21962, 19740, 26043, 1685, 30549, 13187, 8997, 3361, 22795, 11894, 18410, 17314, 18397, 1659, 20112, 24245, 2405, 6011, 12377, 2660, 15760, 1579, 7233, 9400, 31456, 1697, 11518, 6877, 11395, 2191, 11363, 7896, 9304, 29142, 501, 9061, 19787, 28385, 25107, 1585, 10025, 8305, 19055, 6118, 2695, 25660, 21425, 15171, 23043, 3627, 15266, 8663, 9937, 8949, 7657, 22699, 27897, 15278, 20700, 30340, 10689, 8358, 1660, 10321, 3635, 22461, 11332, 20787, 18618, 109, 30352, 19059, 26316, 22804, 7640, 29226, 11923, 29578, 31812, 5759, 31576, 5456, 20101, 2320, 5199, 26560, 30893, 3845, 10245, 1492, 6545, 22544, 7465, 4776, 20902, 259, 16117, 4975, 17913, 1329, 23715, 25060, 28642, 19420, 25004, 29694, 15882, 1353, 8161, 27225, 12742, 16831, 7090, 18841, 330, 28619, 11022, 10200, 27182, 27108, 16865, 20123, 2989, 5859, 6690, 2868, 21570, 66, 19078, 21274, 27053, 20156, 28283, 6703, 13482, 6130, 11236, 31945, 22457, 17120, 30589, 3224, 21451, 31235, 24798, 23897, 28673, 18499, 31621, 28487, 26327, 5919, 4661, 899, 15565, 3697, 9901, 14722, 31717, 30146, 10514, 1467, 25129, 7576, 24383, 20401, 20242, 31844, 20958, 12367, 20204, 4384, 13505, 25963, 3902, 23358, 25747, 28716, 10337, 21863, 17899, 26360, 3634, 6356, 13530, 1446, 13403, 21570, 3813, 3210, 2897, 10234, 14939, 3702, 6783, 11254, 17007, 31831, 23141, 16096, 17485, 18893, 23886, 30367, 20784, 1601, 18353, 21052, 12911, 5848, 1523, 31463, 31871, 14102, 3104, 10612, 31551, 11749, 5491, 3043, 4541, 18602, 31700, 4287, 31890, 2365, 19748, 10598, 27290, 18197, 20550, 5510, 15353, 5986, 23463, 18403, 1636, 11348, 10805, 19552, 26610, 27916, 9309, 22848, 11347, 12339, 17680, 3941, 20934, 22912, 20828, 24712, 9973, 10637, 24487, 1824, 5443, 30028, 30286, 3067, 29373, 29721, 3769, 15317, 21647, 12351, 2876, 28679, 25710, 28827, 7529, 30004, 4038, 2238, 26391, 11045, 17239, 15663, 8336, 10776, 9375, 1215, 1323, 17396, 18783, 19802, 5065, 15525, 19781, 1672, 9933, 5296, 6420, 30034, 4060, 6116, 28355, 25232, 17787, 18359, 13886, 210, 2595, 317, 6415, 10331, 24325, 30714, 20921, 2560, 4056, 14622, 28374, 27330, 7959, 24264, 15912, 24011, 7856, 15874, 21086, 25088, 19564, 8373, 29802, 14208, 27776, 28497, 19520, 8613, 30728, 2125, 27340, 8717, 2558, 18885, 1572, 21836, 14483, 29708, 14839, 28504, 17947, 14359, 4937, 14627, 27377, 31692, 5922, 1625, 11228, 3028, 2582, 28965, 14501, 23556, 15375, 17524, 27729, 28717, 15482, 10969, 10006, 20946, 27509, 6259, 22088, 14012, 30988, 6066, 16844, 2468, 16645, 8297, 128, 13135, 10487, 14586, 12035, 31966, 14410, 12699, 19190, 1498, 19800, 7201, 10626, 6707, 31747, 18727, 10833, 20880, 14445, 17663, 2028, 3614, 29303, 21774, 1886, 5522, 14672, 25758, 19123, 11278, 14778, 11934, 21755, 5219, 20696, 15730, 13163, 5980, 703, 22286, 30985, 7438, 23764, 26427, 7323, 25803, 9794, 23655, 7995, 1602, 25855, 5079, 30477, 20710, 9176, 12187, 3224, 26652, 29733, 7609, 26667, 6445, 13263, 14753, 26801, 12417, 30547, 3047, 18282, 29679, 21201, 27080, 28784, 19834, 16467, 26230, 10983, 16184, 7053, 27666, 21716, 4438, 756, 25773, 23779, 388, 23975, 30974, 20505, 8042, 13044, 25238, 19943, 12238, 12860, 9296, 4640, 11423, 13726, 10504, 31667, 3651, 31808, 3301, 2667, 66, 856, 10297, 27508, 26006, 20149, 6384, 27623, 10630, 5111, 19572, 11100, 6608, 4441, 20816, 15398, 30894, 11585, 24627, 3570, 12109, 25742, 14560, 764, 28395, 3240, 27834, 26943, 8084, 30165, 26553, 26209, 13844, 24316, 7230, 6379, 10623, 7693, 3251, 21254, 8344, 904, 11963, 26668, 10350, 20592, 8135, 2359, 8886, 8041, 3042, 25045, 4238, 29296, 30872, 709, 31061, 30974, 4415, 17067, 21711, 23504, 3728, 2493, 4582, 6899, 25303, 434, 6738, 7845, 1027, 16538, 19836, 28160, 20245, 31424, 17399, 26513, 13914, 18382, 16625, 29717, 9441, 6820, 30598, 3637, 12653, 13941, 17827, 5548, 29051, 21126, 10901, 24342, 18837, 7185, 2715, 28668, 24160, 15123, 31629, 24373, 18705, 29300, 26368, 13234, 29065, 25913, 14793, 12157, 1869, 29151, 6794, 9633, 31433, 26649, 11712, 23397, 18445, 12119, 26664, 2376, 27737, 387, 9940, 26921, 19377, 11362, 24874, 28931, 29489, 16750, 4735, 22152, 3731, 26821, 24507, 5175, 17431, 7655, 24282, 15865, 10512, 22936, 5922, 8299, 27338, 8449, 20749, 16392, 21630, 4891, 6249, 17296, 4126, 28245, 1007, 6526, 15452, 475, 18013, 5562, 15629, 18687, 8978, 3705, 3666, 10916, 28662, 17588, 3655, 21933, 24338, 23990, 31439, 11460, 29782, 23151, 822, 1521, 19969, 21340, 30752, 11123, 21360, 27522, 12094, 25845, 16979, 18278, 6857, 22442, 3076, 25679, 27741, 17100, 20135, 18892, 24285, 24785, 29528, 18505, 20292, 5723, 8082, 26934, 30462, 4875, 7871, 23840, 2837, 18793, 6756, 18833, 30581, 7374, 13883, 1274, 9484, 30313, 26013, 4631, 25238, 22526, 25670, 1211, 22969, 7954, 24894, 30788, 7344, 18885, 1058, 7446, 28111, 16845, 11589, 29133, 17368, 27672, 24079, 15654, 29778, 159, 12999, 15169, 19272, 6703, 27105, 9612, 15127, 583, 11514, 1998, 24181, 11370, 26016, 8230, 23475, 9229, 13916, 23482, 1483, 11299, 8409, 1351, 14485, 29828, 29341, 24944, 27860, 2313, 13555, 20184, 18795, 23031, 2997, 6652, 770, 10809, 23388, 21532, 15399, 17258, 8392, 21255, 11831, 13701, 12322, 19494, 18022, 4668, 17704, 28568, 17236, 21041, 31972, 28248, 19657, 11216, 6456, 20810, 774, 1806, 30775, 9026, 4593, 16201, 10734, 28091, 5141, 11804, 25997, 753, 16389, 1126, 25478, 25046, 13317, 30510, 5464, 10238, 15669, 9434, 18497, 15283, 2729, 7917, 16670, 15834, 9149, 16340, 19645, 30513, 8189, 5320, 29719, 10194, 4820, 24699, 20676, 8007, 10945, 26797, 14165, 31041, 20483, 12625, 20733, 26653, 31693, 8319, 3437, 17665, 2437, 8014, 18945, 27868, 18458, 9549, 30107, 4755, 3634, 2511, 8781, 29886, 14861, 30951, 2874, 31383, 18438, 30809, 16851, 9109, 15056, 9050, 9751, 2091, 1003, 24552, 29978, 15722, 13336, 23913, 10591, 3573, 21742, 15241, 19397, 6857, 11448, 649, 1807, 17436, 24083, 20361, 22534, 24404, 103, 20338, 29679, 6279, 3071, 11947, 8174, 4236, 9874, 6323, 20952, 5261, 29548, 11370, 28038, 4492, 19275, 4805, 31846, 6999, 29094, 12988, 15725, 3464, 18660, 18426, 28721, 12296, 22933, 16, 10905, 10097, 20264, 2133, 24991, 11323, 8485, 13983, 6280, 25691, 22220, 12881, 13310, 8474, 10564, 29114, 27914, 14241, 28619, 10277, 30385, 13277, 9759, 6557, 23719, 16729, 1881, 20881, 26625, 15570, 10013, 22412, 26244, 19982, 24450, 26204, 6421, 27996, 26887, 5429, 22629, 26380, 29365, 14446, 3659, 21660, 9520, 9301, 16674, 11139, 18617, 31147, 20318, 10793, 24733, 1867, 25026, 17431, 16247, 8143, 31154, 12028, 1566, 9292, 15477, 8473, 24953, 11085, 26770, 31857, 6386, 15295, 24559, 27840, 15404, 24139, 8058, 30044, 21916, 7627, 18316, 18480, 19285, 26913, 19400, 24664, 29261, 27966, 25601, 26911, 24630, 17739, 23569, 29369, 27338, 23153, 13134, 8824, 6464, 18168, 16056, 15979, 22536, 20018, 8132, 20025, 23877, 27472, 13425, 28345, 26454, 1738, 9178, 23023, 6231, 31643, 24664, 2561, 11800, 18878, 11662, 16900, 8521, 8747, 506, 25454, 28694, 20936, 28726, 19197, 30829, 10619, 24303, 29341, 30219, 28209, 11433, 20170, 21273, 30855, 12402, 24167, 4803, 24469, 23098, 26934, 7180, 21680, 7818, 9456, 12939, 6417, 27401, 18392, 12865, 20075, 30859, 20859, 2064, 27505, 17448, 31042, 11621, 23827, 17281, 7907, 19542, 12813, 17325, 15708, 11073, 8843, 11861, 7773, 20813, 4868, 27493, 26002, 27327, 14319, 1547, 2201, 27101, 14235, 4745, 25133, 27411, 12714, 21231, 6957, 5440, 10198, 14326, 19548, 11866, 18003, 30864, 7647, 27334, 23726, 6351, 23434, 1272, 8286, 686, 16350, 27126, 24127, 3666, 9147, 28552, 8763, 5079, 23413, 191, 25815, 5419, 21558, 3547, 1298, 4414, 16551, 19362, 4441, 7625, 20669, 10311, 912, 7645, 22038, 13589, 5475, 3928, 971, 24057, 9263, 4396, 5715, 23899, 1653, 5264, 5595, 9788, 25456, 5022, 15938, 22184, 12383, 19902, 1672, 9282, 6128, 22545, 7160, 25210, 6244, 24459, 29787, 19125, 8998, 9333, 27793, 20553, 8812, 16331, 25393, 14506, 18337, 26924, 4427, 15989, 4458, 16573, 272, 28609, 29403, 20298, 17945, 13099, 18236, 13451, 13691, 21711, 19455, 19632, 11818, 28545, 30554, 14450, 12922, 10202, 8300, 24094, 2747, 15968, 27346, 29472, 1265, 28306, 19562, 23492, 26065, 10650, 9986, 17948, 29960, 23746, 14645, 9113, 29992, 29555, 31712, 21058, 20531, 2479, 2807, 6979, 13323, 3435, 4942, 11763, 17016, 7794, 1328, 24627, 19633, 31909, 9435, 13970, 11122, 2165, 1234, 11778, 6245, 14813, 564, 10244, 13240, 9900, 16597, 20519, 3268, 9620, 13824, 7738, 11936, 22273, 4352, 3528, 14737, 14247]]],
[[1547,
[31104, 30020, 6632, 16966, 9483, 19948, 18689, 26082, 19210, 29882, 3765, 16182, 11619, 20255, 25945, 30366, 30275, 22030, 7783, 28926, 27078, 15421, 30670, 25290, 14837, 14170, 17656, 25358, 19531, 14824, 464, 9910, 12241, 3149, 5046, 1718, 23897, 6009, 22037, 27064, 3933, 31880, 27595, 30169, 19476, 24745, 4029, 15707, 21872, 29727, 26774, 7008, 3248, 1810, 7605, 8, 31300, 12424, 28502, 14979, 10939, 20541, 24220, 21898, 2239, 28425, 31504, 27601, 7724, 20761, 15898, 16740, 8741, 3187, 26736, 16427, 1465, 3958, 15448, 5636, 25494, 23499, 16082, 17461, 17437, 26786, 23436, 25831, 28070, 26822, 24124, 10791, 22385, 18869, 5343, 4968, 6886, 12290, 8228, 7693, 7431, 4427, 11429, 10349, 31253, 30372, 28192, 3714, 4849, 9940, 23154, 25793, 2789, 27750, 9675, 26585, 16551, 9433, 29444, 915, 19299, 29738, 17988, 13602, 2631, 10736, 19544, 19659, 24369, 24020, 23363, 29551, 72, 17379, 21492, 29204, 20924, 8321, 27975, 24321, 25875, 28231, 21923, 4421, 25061, 5567, 13944, 28724, 7983, 31409, 14291, 22122, 10234, 23243, 9867, 29610, 22996, 31979, 5801, 30249, 30409, 13819, 10106, 18097, 30362, 11743, 23355, 20940, 8574, 14536, 31736, 3762, 9699, 8302, 30924, 18765, 11664, 1009, 18705, 27530, 314, 23101, 15781, 16468, 2292, 20405, 23546, 27459, 3347, 3352, 8895, 27031, 27378, 29222, 11381, 486, 17500, 23566, 20338, 16476, 14746, 21630, 4593, 27474, 4731, 555, 2818, 5694, 10748, 2923, 21913, 4647, 9263, 4274, 1872, 11936, 10615, 1626, 16210, 22274, 25389, 26332, 26351, 31113, 21174, 27276, 19294, 11970, 8802, 20796, 16779, 15180, 27741, 7734, 5548, 461, 21553, 356, 7754, 29648, 23862, 13939, 25557, 27603, 24489, 8170, 15734, 18541, 30100, 26598, 21888, 378, 9707, 14634, 5468, 27686, 27431, 23728, 25710, 24502, 26158, 27071, 14998, 6836, 19521, 18413, 25838, 10179, 21311, 5029, 10024, 502, 5694, 16987, 30745, 13301, 10060, 23454, 1166, 10287, 8259, 6163, 25223, 9915, 23182, 5039, 4669, 19128, 5140, 30916, 31945, 24911, 27330, 1005, 14153, 29207, 12013, 29020, 18759, 17520, 24129, 3196, 2765, 13396, 9718, 17796, 16715, 12822, 26097, 25617, 13276, 16070, 26723, 19168, 1414, 4467, 18841, 17295, 30638, 1512, 20451, 7509, 27974, 14748, 28408, 26489, 29739, 30742, 11342, 28204, 7143, 27560, 23142, 27198, 3822, 1355, 1946, 8070, 13725, 24350, 12171, 23506, 7166, 13348, 26821, 26812, 27735, 5823, 23983, 18066, 1540, 21736, 8540, 8311, 20912, 16488, 21247, 25100, 12652, 13420, 20900, 4000, 12401, 17707, 4424, 24620, 4671, 5078, 28385, 21675, 14440, 10974, 31802, 12267, 16336, 28061, 216, 1025, 8285, 1524, 17807, 14865, 31514, 29836, 18430, 6220, 22345, 25800, 1736, 8028, 5042, 23110, 22770, 2644, 10459, 22546, 4363, 11600, 10571, 2487, 7299, 4818, 24487, 30436, 3094, 17518, 24913, 31835, 19843, 13654, 12214, 23915, 15582, 19025, 15732, 13336, 23618, 14915, 28563, 24397, 30459, 27163, 12686, 21616, 14330, 28375, 2347, 1864, 23753, 8605, 19629, 2528, 26577, 4509, 10406, 3403, 9425, 18782, 30771, 6141, 1764, 29704, 19414, 377, 12112, 2983, 28955, 8464, 24528, 12774, 12429, 25308, 25832, 30697, 11935, 14359, 628, 5840, 1919, 5503, 24367, 27651, 5651, 26794, 4172, 14197, 22281, 10087, 27211, 20916, 26320, 30414, 7318, 2907, 2817, 28935, 380, 16099, 13328, 19161, 31460, 6035, 23941, 20354, 30187, 28437, 30771, 29215, 20589, 31722, 6729, 15364, 12078, 7716, 28869, 3717, 1348, 20976, 17086, 7212, 2860, 13902, 29685, 27341, 31272, 7636, 5341, 27985, 19456, 30911, 21864, 23412, 16575, 23054, 26155, 3528, 27766, 19977, 266, 2379, 11172, 19410, 13491, 31264, 14513, 2760, 11688, 24389, 25047, 20934, 24023, 13501, 12463, 5542, 30453, 13529, 14260, 14730, 23073, 31486, 5517, 15843, 24725, 15028, 29194, 9730, 10703, 19397, 12288, 25967, 14792, 6093, 6759, 27781, 19325, 1646, 1841, 19075, 511, 2433, 27992, 6850, 29723, 15501, 22007, 10792, 14919, 16660, 13307, 27453, 21998, 3146, 4164, 4747, 18201, 7895, 18607, 12308, 22251, 19533, 544, 7568, 8140, 22980, 18930, 20783, 6003, 31779, 20096, 20636, 21360, 20039, 28582, 13043, 15220, 10317, 21211, 26835, 1334, 27865, 4385, 21274, 8991, 14768, 25654, 28215, 14170, 3412, 7235, 26494, 4941, 20546, 15080, 28752, 13480, 23101, 3516, 31810, 4347, 9203, 26249, 16945, 15693, 22795, 31438, 23630, 23842, 10709, 23947, 25651, 10488, 20718, 17182, 9893, 15307, 11270, 8525, 30214, 10974, 28183, 29147, 20636, 17818, 20134, 10280, 18726, 19038, 5260, 7510, 19383, 1911, 6894, 2037, 10010, 1338, 30531, 27320, 27282, 12217, 17613, 18138, 21124, 10059, 10164, 28348, 30414, 21445, 23248, 2001, 18119, 8045, 17666, 23122, 24813, 5821, 11904, 24101, 25605, 30834, 8527, 10174, 30980, 26617, 23280, 3721, 2306, 18090, 10143, 10439, 11573, 28135, 4117, 6932, 7972, 13341, 11258, 3978, 21777, 16657, 1191, 30374, 17429, 3559, 9660, 10781, 12751, 18734, 6858, 27252, 18183, 23990, 1201, 28379, 27566, 25077, 5888, 18760, 16398, 5840, 1115, 12289, 13890, 11723, 14870, 21385, 2709, 3114, 5882, 188, 12757, 14208, 13631, 24592, 16084, 6928, 7945, 30747, 13137, 1656, 15558, 10293, 23448, 31085, 13996, 20323, 1650, 20551, 27296, 26038, 17966, 26500, 26342, 5181, 24241, 6922, 26496, 9513, 2162, 26671, 24993, 18104, 21748, 17125, 25711, 5007, 12117, 23246, 26537, 11087, 8548, 7973, 20386, 13124, 31007, 7342, 23624, 10107, 4115, 16924, 3078, 24316, 4420, 2059, 28693, 30793, 22727, 10117, 24393, 18332, 394, 21655, 27289, 17010, 16053, 25392, 14215, 26343, 737, 18111, 29311, 12917, 7063, 12873, 8837, 23167, 29094, 16146, 7339, 3898, 13591, 17102, 17649, 21113, 21504, 19315, 13471, 10851, 17262, 31064, 29738, 14750, 16498, 20978, 7504, 4430, 17462, 20199, 28214, 15324, 19978, 29447, 8186, 11694, 13291, 3522, 8117, 13152, 29478, 20662, 2870, 12249, 24180, 9646, 9983, 8537, 18632, 13713, 26279, 18843, 4490, 19669, 18303, 25867, 77, 15129, 26375, 26972, 31417, 28971, 4052, 31278, 6977, 9698, 28773, 5509, 18279, 25298, 3452, 25383, 16303, 24169, 13570, 19738, 7607, 29291, 19542, 5632, 18206, 28482, 10065, 9616, 19619, 679, 27996, 11697, 8658, 20571, 30831, 29490, 29288, 24796, 6475, 19064, 19303, 13483, 27675, 15960, 28169, 6775, 23156, 26377, 4874, 803, 17790, 4105, 8248, 28856, 29034, 7182, 23435, 470, 31574, 27398, 14762, 12138, 15020, 4437, 13422, 8227, 17337, 17940, 27929, 16534, 5062, 10899, 345, 28877, 14800, 21138, 26411, 24296, 28297, 11792, 18820, 9675, 21317, 28181, 7018, 23374, 30604, 11457, 30757, 26629, 30163, 31869, 30040, 5242, 21960, 1567, 26957, 28083, 27428, 17355, 20260, 14236, 7825, 15205, 1359, 18386, 18096, 26275, 16594, 2334, 1650, 6945, 12628, 7593, 8377, 6420, 27560, 14234, 2969, 17808, 5306, 1595, 24326, 12625, 13724, 23371, 6132, 19391, 14482, 7222, 26095, 20436, 15216, 21567, 24071, 20807, 18539, 22362, 6099, 12510, 20941, 139, 10609, 14801, 8001, 14868, 12309, 5147, 1122, 18683, 13089, 10075, 13720, 4766, 21345, 30888, 19682, 26372, 6907, 29872, 10467, 19343, 29045, 21809, 4245, 8631, 20511, 5108, 3477, 25348, 13156, 7458, 8585, 14857, 20980, 297, 27155, 25516, 25158, 31702, 28547, 19357, 2097, 23679, 4835, 9881, 1933, 14006, 28729, 18083, 10114, 25477, 10374, 17358, 21274, 28666, 25096, 29321, 8613, 9846, 30210, 5877, 16690, 15585, 15120, 5253, 24558, 5690, 30237, 26605, 26113, 6676, 12055, 18606, 17136, 3495, 14516, 17502, 6755, 27223, 10658, 30648, 24298, 2960, 9117, 4176, 15795, 3992, 15344, 16455, 9587, 13524, 30983, 30638, 23958, 2902, 29620, 11078, 18745, 28907, 18317, 25484, 24454, 10672, 11204, 19342, 27236, 1221, 15915, 17086, 16169, 5937, 29873, 947, 27457, 6115, 26346, 25899, 14951, 21024, 6464, 7111, 12311, 24544, 10396, 29446, 1317, 15584, 27465, 30733, 13223, 25794, 13526, 10468, 8770, 28994, 21706, 1954, 7838, 21944, 14076, 27252, 21947, 19345, 27616, 24619, 26847, 26251, 3432, 21656, 6955, 12445, 17947, 954, 9765, 8415, 6533, 4714, 11046, 15231, 30092, 7246, 5759, 21981, 18516, 2112, 11362, 5545, 23046, 9978, 22767, 3315, 18787, 18331, 823, 27683, 8294, 20506, 1558, 4137, 27616, 18593, 18162, 27724, 14062, 4304, 7880, 9382, 13936, 12641, 21770, 552, 26993, 16163, 23591, 21151, 10323, 29515, 6041, 31743, 5128, 23026, 16559, 6546, 16088, 13385, 1032, 28979, 5270, 30459, 15522, 19247, 5931, 26219, 1580, 9231, 2084, 10326, 23093, 9459, 17524, 16157, 16438, 26300, 12763, 3411, 28211, 22861, 26027, 25784, 7085, 25038, 4106, 23723, 13438, 21038, 21280, 19302, 9065, 29230, 1025, 18127, 4331, 18910, 29313, 29000, 16551, 24710, 1423, 26903, 5154, 11761, 15661, 31109, 29541, 6104, 16952, 9810, 157, 9840, 2955, 14181, 3584, 26820, 26228, 17387, 12224, 9941, 24817, 18235, 10305, 744, 31680, 9276, 9808, 25845, 11441, 26984, 3440, 2742, 13019, 27938, 7866, 6708, 6314, 23886, 22923, 14265, 20238, 7750, 7149, 12603, 31811, 18199, 9862, 20413, 3422, 31931, 23820, 7053, 25311, 27629, 14490, 25537, 29165, 22277, 31758, 18395, 30780, 19714, 30123, 11551, 1201, 945, 1595, 31982, 4016, 6000, 21982, 8012, 8681, 31112, 12732, 10144, 13933, 11778, 16645, 4734, 13352, 17080, 29804, 26693, 7964, 21584, 4050, 1865, 8525, 15129, 21987, 13251, 6941, 19605, 14718, 12767, 25597, 13149, 29473, 27231, 11102, 3638, 6140, 7654, 24497, 4922, 20769, 14154, 5333, 13442, 27023, 27206, 11495, 5296, 31655, 26856, 1493, 15003, 18286, 11387, 12222, 2843, 17206, 25796, 22574, 13566, 5213, 26538, 2552, 9446, 19965, 21809, 12383, 21088, 17004, 29706, 1131, 24596, 8641, 10600, 22719, 21137, 24039, 2314, 12802, 7915, 21816, 16663, 10260, 9189, 22458, 3397, 6107, 26790, 618, 28677, 5512, 7895, 23751, 19234, 11727, 27278, 9894, 9505, 7047, 25244, 26588, 21499, 18219, 223, 21898, 26980, 28185, 115, 20564, 16660, 18157, 25343, 15840, 23272, 28486, 1572, 12654, 19426, 6853, 24767, 28090, 10348, 14223, 9027, 28283, 17143, 1411, 5463, 23039, 8116, 15998, 12432, 24840, 26579, 31699, 16371, 15831, 30272, 6177, 10398, 3867, 15268, 698, 3444, 2344, 10818, 22101, 20869, 23589, 27099, 3069, 30546, 611, 19251, 21612, 30908, 23656, 25709, 11874, 31862, 12799, 14655, 6312, 12802, 13893, 17807, 27578, 16531, 12922, 10488, 31699, 30794, 27033, 23401, 9847, 28683, 19427, 5091, 3468, 13735, 5659, 17993, 7848, 25584, 25856, 21475, 2207, 28701, 19799, 20433, 24408, 2202, 13919, 23674, 30777, 13811, 2113, 7076, 4805, 3415, 25849, 28279, 22208, 17625, 13541, 26404, 6612, 24987, 21047, 5339, 18208, 24640, 3865, 24954, 14179, 12668, 7430, 29185, 29824, 24497, 18926, 9745, 26703, 2968, 27806, 16622, 19012, 844, 15721, 28019, 20934, 12119, 27848, 29223, 16193, 3249, 19420, 941, 6718, 15590, 8873]]],
[[1547,
[22620, 19150, 28219, 12286, 4125, 13348, 25267, 26744, 24770, 28707, 12792, 2309, 28237, 13999, 23448, 13829, 19642, 21933, 12777, 14841, 6758, 11283, 19540, 20568, 19865, 292, 9302, 744, 11755, 17971, 29071, 11174, 29077, 15920, 513, 23898, 21108, 10129, 13415, 21956, 21035, 23395, 10940, 15319, 12943, 18998, 23662, 6299, 30136, 4415, 7635, 21290, 30351, 3588, 21332, 29071, 26513, 7792, 26577, 2775, 10524, 31208, 1454, 25802, 1479, 75, 27594, 2543, 30135, 24902, 27123, 27214, 27055, 19447, 11765, 22502, 13629, 23788, 3847, 29086, 28047, 20617, 5233, 3726, 27870, 28241, 11123, 31642, 24423, 4410, 16877, 13351, 15369, 24939, 16363, 28032, 3558, 3586, 5513, 7439, 18582, 6820, 5595, 5922, 8678, 17830, 24290, 6928, 5497, 28285, 7502, 8595, 5223, 5271, 2249, 2644, 18374, 19702, 26986, 24439, 12789, 14278, 14041, 11568, 15285, 5115, 4480, 16441, 10684, 14118, 303, 31037, 31332, 6420, 10301, 6408, 18439, 19367, 16847, 14731, 3907, 24742, 18424, 26091, 11241, 12626, 7500, 6006, 13920, 13100, 11667, 31855, 25496, 7504, 27821, 12499, 12863, 16779, 688, 15677, 9830, 18805, 15135, 19103, 18988, 14167, 20310, 1269, 20264, 22572, 11063, 3910, 10631, 5786, 23374, 31495, 13935, 4580, 21149, 2384, 29097, 5624, 17724, 16023, 5574, 24130, 15337, 7183, 12598, 2319, 4821, 16219, 3023, 15912, 4199, 30504, 24047, 8926, 13457, 27875, 21256, 19537, 12713, 16262, 18292, 28768, 7864, 20643, 379, 21656, 14171, 11505, 26075, 9103, 16616, 6819, 14422, 17281, 30242, 17585, 19099, 12262, 17804, 20579, 11881, 6761, 3116, 9822, 11345, 8224, 15088, 10466, 6234, 17379, 10358, 16766, 26667, 3980, 11604, 10690, 3284, 19005, 30389, 27754, 18395, 11460, 16154, 29074, 28078, 12342, 30216, 13209, 5458, 14152, 17438, 17173, 27850, 21799, 23271, 13286, 19991, 29863, 14237, 8582, 10560, 21476, 25649, 17569, 23163, 13041, 26889, 27517, 13880, 29849, 4611, 7005, 31699, 14993, 19774, 15304, 14913, 6153, 2636, 30352, 17817, 29488, 4428, 17692, 26637, 12778, 2507, 14379, 7202, 213, 29017, 9242, 12918, 4129, 9530, 1580, 30734, 9353, 2439, 31656, 8550, 15303, 25144, 15052, 26694, 21919, 14701, 24094, 25067, 11942, 6989, 3019, 11616, 24746, 9493, 14256, 17641, 5632, 29966, 2309, 12344, 57, 513, 25339, 10477, 6230, 13716, 23346, 19642, 1053, 9930, 20978, 19362, 20760, 29028, 6430, 7687, 3297, 21464, 14637, 5409, 16964, 20540, 20319, 16118, 21303, 24216, 32, 2196, 9892, 9204, 10416, 15805, 22483, 9622, 17691, 2551, 17490, 23960, 10478, 17173, 22692, 26987, 12133, 11378, 8638, 30637, 12106, 22721, 22632, 12368, 17566, 51, 7664, 20985, 12043, 26947, 28176, 7734, 8765, 307, 5176, 28524, 606, 19141, 19636, 28578, 30931, 22088, 22043, 5132, 26278, 13500, 27740, 23864, 23421, 1767, 29623, 6734, 31896, 11941, 6738, 31024, 29873, 22955, 21312, 11965, 10641, 19763, 390, 26576, 12000, 12907, 7677, 18240, 23059, 30140, 2091, 16601, 21420, 1958, 19419, 4514, 11586, 12332, 17728, 26816, 20650, 21272, 23981, 1627, 9451, 1913, 25419, 150, 9353, 19488, 26078, 6359, 20854, 3862, 19648, 21000, 29358, 8875, 9348, 23220, 23622, 1614, 3390, 5504, 13415, 9267, 13852, 16017, 1966, 16552, 22960, 30987, 914, 30646, 23634, 31080, 28651, 27075, 22043, 9239, 25097, 7603, 30791, 9086, 3193, 5215, 29537, 18706, 5211, 3600, 27244, 23237, 22482, 27689, 21936, 30574, 7843, 28567, 27034, 25619, 15894, 6535, 24735, 30600, 5522, 25571, 24149, 28770, 21724, 31224, 7429, 16789, 25406, 26585, 15263, 2644, 9391, 31696, 22499, 62, 9799, 8056, 28814, 11465, 20723, 19161, 7311, 14657, 15971, 21253, 12091, 7138, 6004, 10490, 14942, 15173, 5982, 3716, 16453, 23417, 22421, 13272, 26123, 1033, 11765, 6069, 18464, 21895, 9730, 31012, 1833, 13893, 17683, 11665, 19399, 7194, 2854, 19764, 30166, 29691, 22384, 20360, 25874, 7081, 16562, 15362, 28165, 9803, 31608, 10747, 20030, 31253, 25171, 27806, 24833, 16071, 21879, 3484, 6302, 31060, 4729, 12985, 21326, 1995, 9773, 15793, 1662, 22342, 7311, 16606, 7610, 9156, 14414, 4644, 18001, 19490, 33, 3782, 1483, 12410, 29019, 12330, 17790, 26314, 15140, 16498, 14139, 24680, 12934, 17946, 858, 28057, 18254, 18129, 26466, 28146, 11047, 14910, 23724, 6293, 16238, 1663, 25109, 29393, 11044, 17657, 13284, 1438, 27427, 21431, 16242, 6390, 9596, 30643, 2412, 20022, 28322, 1976, 2025, 3502, 11987, 21597, 3270, 7348, 16568, 17599, 24188, 12622, 9312, 14513, 1855, 2130, 576, 403, 11488, 12745, 28629, 24180, 24533, 7226, 28792, 1578, 31158, 354, 26527, 8540, 25516, 976, 29102, 15715, 30403, 14522, 28498, 20160, 9833, 26220, 22512, 8525, 30448, 10158, 598, 24619, 21999, 20044, 17526, 11786, 4093, 30989, 16000, 28563, 27980, 14846, 18362, 6485, 27824, 28586, 21025, 21457, 29882, 16594, 5428, 23401, 24946, 8710, 15864, 14293, 2341, 29425, 11436, 1081, 28930, 9870, 4931, 15024, 30789, 9332, 25689, 11168, 12234, 1663, 8783, 12223, 5126, 24978, 21794, 1503, 2272, 5124, 26492, 878, 1483, 28474, 4932, 26969, 14433, 16553, 28646, 20659, 23285, 18107, 17575, 8624, 10910, 29723, 1118, 25157, 24934, 18227, 7941, 30090, 12569, 4735, 16210, 2345, 9111, 20237, 16113, 29453, 11466, 6934, 30075, 22327, 11971, 17743, 9302, 209, 9180, 48, 11223, 25084, 11677, 30011, 22064, 10570, 21275, 644, 19779, 4517, 22768, 30579, 5146, 27378, 3211, 14202, 23642, 18388, 243, 17751, 6618, 16211, 19501, 11496, 16074, 13991, 6079, 4225, 5585, 25482, 12363, 28238, 22753, 3469, 6987, 9166, 13172, 29971, 19627, 29411, 29671, 27456, 30425, 354, 30677, 13808, 3053, 22149, 19309, 2438, 630, 16752, 2238, 399, 26395, 15158, 28528, 785, 3150, 14716, 21209, 12061, 15774, 7972, 2508, 28237, 16651, 7827, 16211, 19371, 3289, 2500, 8, 23031, 20537, 31010, 28909, 14645, 11339, 3358, 8480, 4785, 16287, 2346, 26335, 23164, 11045, 13348, 14918, 15686, 17656, 29971, 20123, 19419, 22882, 2014, 13382, 20683, 31417, 25835, 2394, 15919, 4014, 4691, 12448, 29987, 11836, 19170, 17262, 352, 14758, 14984, 24957, 1915, 29488, 20758, 23691, 2805, 8583, 6921, 3880, 24479, 9621, 5069, 22474, 11605, 17094, 8617, 3586, 1150, 8130, 5608, 5056, 20474, 19672, 24630, 17384, 29162, 11540, 27467, 185, 6673, 10900, 29831, 8903, 9397, 18400, 14775, 15602, 7740, 30948, 18206, 18728, 10090, 4909, 5388, 31885, 27051, 21259, 7633, 18567, 2746, 784, 16109, 17090, 27914, 26567, 6757, 30882, 21554, 12931, 15211, 31082, 22049, 14010, 12355, 15663, 11799, 4352, 727, 31492, 30324, 21254, 17522, 29157, 19474, 2725, 8276, 1944, 22371, 21887, 30288, 10828, 26989, 9365, 15498, 18322, 21944, 2000, 7456, 7407, 2407, 11098, 2821, 5098, 10161, 13992, 21213, 23552, 31883, 21758, 26664, 16972, 20780, 7248, 6694, 28529, 1490, 17272, 17992, 3776, 10279, 6846, 27008, 28645, 30095, 16420, 30435, 3641, 27257, 29573, 17172, 31664, 11477, 18728, 17759, 26174, 6123, 1195, 17891, 21135, 12920, 21907, 10207, 6090, 21917, 16624, 23529, 8142, 25229, 5217, 19748, 11970, 1698, 22444, 20484, 14062, 22699, 20573, 3986, 16877, 14158, 8355, 17119, 16026, 12190, 25333, 16448, 5155, 8900, 3201, 11033, 10325, 7797, 15945, 9793, 22350, 22232, 3900, 17391, 27158, 26957, 654, 15892, 9268, 4288, 17055, 26901, 16696, 5571, 31919, 2512, 5028, 17869, 22725, 23934, 22510, 6889, 24408, 29930, 18762, 27253, 19590, 30536, 31581, 31133, 14066, 19652, 7034, 22716, 18932, 11102, 26721, 23821, 491, 10170, 26234, 30380, 28205, 1553, 7986, 3948, 26765, 8452, 402, 4125, 22452, 14501, 20611, 21339, 18434, 29647, 1114, 22221, 11203, 3142, 7462, 3891, 26711, 11255, 16131, 16448, 85, 11034, 30856, 13804, 9509, 18458, 8228, 19950, 31416, 3692, 19388, 13148, 4209, 18123, 16519, 12829, 5211, 9178, 31714, 31143, 20137, 28598, 24954, 20944, 1775, 16906, 17557, 1448, 3081, 8627, 24350, 10407, 18190, 1048, 4521, 21560, 5367, 13799, 7977, 27366, 19245, 26168, 14214, 31299, 24847, 24857, 28768, 30046, 8991, 31508, 12276, 11976, 11001, 9289, 30642, 3097, 24261, 1476, 1535, 2362, 14864, 16779, 12205, 27041, 28458, 14088, 2485, 12980, 27785, 10270, 6320, 28044, 29375, 13514, 10431, 13919, 27956, 20095, 18642, 27965, 30421, 142, 7288, 26489, 22974, 7671, 1761, 21270, 18399, 14126, 3639, 10589, 10676, 20620, 6731, 7085, 18003, 18004, 15533, 11826, 31258, 16014, 12623, 7083, 12240, 1677, 23611, 19219, 27604, 21536, 21117, 20403, 19798, 17548, 18854, 19409, 29151, 20166, 23379, 21649, 14186, 10500, 17094, 28261, 29496, 25680, 14730, 16775, 5120, 9126, 5679, 3645, 25378, 6104, 24959, 8065, 22743, 2581, 8996, 12613, 5776, 31163, 6674, 9332, 538, 14772, 29056, 8900, 19393, 14892, 24144, 20902, 11898, 6193, 20032, 30132, 17626, 21323, 4350, 14238, 20122, 17492, 22225, 26261, 10387, 30430, 11170, 12261, 18340, 20195, 11302, 25696, 6748, 10776, 9144, 18867, 15136, 27044, 4028, 29277, 25928, 27791, 7917, 25936, 13897, 23338, 27755, 7977, 6415, 31492, 29797, 5864, 25630, 14876, 18480, 19, 24769, 15277, 10229, 8425, 2841, 28484, 19745, 27065, 14058, 15414, 1307, 9439, 14186, 2328, 4665, 18985, 804, 18285, 8740, 12030, 29662, 29329, 14555, 11904, 6609, 28516, 8994, 12606, 26803, 7872, 2570, 14103, 17108, 2254, 8841, 6920, 22702, 16666, 22576, 16295, 23186, 8876, 22818, 16039, 23711, 29741, 29719, 27286, 11843, 10106, 16472, 955, 19092, 9535, 22790, 11283, 10245, 23552, 16482, 16549, 1776, 25633, 31130, 6646, 16940, 24211, 25724, 9985, 11798, 6417, 1003, 17274, 23357, 31859, 9078, 6350, 14083, 28174, 9653, 27951, 22149, 27736, 22713, 29982, 1916, 423, 29473, 25660, 20644, 18848, 22701, 3654, 11530, 16291, 31867, 16212, 7088, 785, 25750, 26549, 9600, 481, 9275, 8315, 31657, 7324, 6326, 10365, 23810, 16703, 1146, 21349, 414, 27869, 11002, 26745, 26175, 15720, 11306, 6804, 18929, 16987, 21295, 30185, 10418, 11112, 1800, 6951, 31855, 4452, 12110, 17007, 25455, 28904, 18197, 19841, 4947, 26874, 3575, 28836, 23672, 13419, 28392, 28638, 20886, 22332, 4109, 428, 13294, 25700, 27577, 8000, 31163, 9150, 8598, 24565, 16712, 22112, 4944, 26062, 31385, 9019, 11338, 18067, 7323, 26458, 12750, 16867, 13439, 15432, 18567, 17606, 12340, 4148, 3081, 3511, 24430, 12291, 10018, 23503, 17153, 22139, 17799, 23003, 8030, 24002, 27425, 10899, 7510, 15121, 28787, 12307, 18506, 6798, 24747, 10529, 30828, 13644, 29537, 30523, 31211, 26464, 23021, 21392, 20522, 10618, 17886, 27029, 6943, 15056, 28026, 7368, 7881, 8446, 19728, 17398, 14748, 7346, 11104, 16155, 2295, 22411, 17982, 4326, 28210, 18238, 8820, 3887, 20881, 3218, 31630, 27789, 20047, 5229, 384, 14609, 4911, 3963, 15813, 26671, 11127, 9984, 16911, 6391, 731, 31849, 15871, 28951, 30541, 13731, 21179]]],
[[1547,
[24289, 31198, 14725, 24281, 17995, 18624, 22633, 12394, 23455, 2573, 31496, 18106, 12764, 28544, 14082, 14912, 11254, 2300, 16575, 21623, 29, 13010, 22143, 16983, 25799, 10794, 1941, 17513, 29940, 11975, 4271, 7924, 4628, 28239, 29274, 26346, 28756, 9927, 16634, 11093, 5359, 28757, 5323, 19673, 21012, 19606, 585, 24324, 22672, 3779, 16558, 22725, 28063, 2370, 764, 13840, 17917, 29409, 29531, 20548, 7662, 31708, 27314, 16052, 10341, 378, 9844, 30268, 19340, 295, 30587, 28341, 10041, 23906, 26948, 25317, 18532, 12679, 23438, 4235, 26683, 6313, 28147, 6736, 26599, 7634, 29496, 15691, 22866, 24643, 13993, 31005, 982, 16190, 9899, 5101, 24780, 23807, 4734, 598, 4639, 2319, 1188, 14866, 678, 16899, 9858, 8070, 22205, 23738, 29263, 22651, 10372, 9569, 18216, 31594, 13240, 21272, 4171, 25144, 10656, 123, 29260, 24605, 18334, 23444, 4017, 4649, 1782, 24567, 19755, 17961, 23020, 462, 27261, 9050, 5047, 6703, 12808, 6811, 5432, 19239, 17074, 9298, 4357, 6563, 23028, 3229, 18130, 17456, 17480, 5914, 29211, 549, 7980, 11663, 16368, 19872, 5445, 28414, 9883, 13947, 1938, 2221, 27480, 21726, 4425, 14861, 13342, 4393, 4582, 5334, 4449, 23026, 26126, 13669, 63, 8750, 14441, 16865, 12329, 30840, 4169, 1719, 17953, 22554, 9032, 13629, 4062, 25550, 25336, 22839, 13023, 5316, 17181, 29060, 20633, 13419, 27713, 6041, 23237, 1819, 12218, 7183, 30720, 13281, 4907, 28119, 1543, 2634, 17537, 14750, 13123, 12756, 3449, 3026, 14473, 28060, 12438, 28242, 25804, 4928, 22131, 30127, 13619, 4144, 25645, 13747, 28928, 6855, 27357, 16507, 26951, 31868, 26654, 23757, 24326, 2115, 25367, 11671, 21087, 19323, 16989, 9120, 25945, 25114, 11079, 9471, 3161, 10478, 21081, 6306, 4324, 9731, 24727, 3706, 3788, 31549, 2817, 16911, 27293, 26110, 11328, 1216, 28924, 29731, 15360, 1293, 6905, 1923, 23061, 16736, 9505, 12026, 14052, 22222, 4234, 24410, 1790, 14135, 20887, 8008, 30107, 2770, 5030, 7386, 7062, 20536, 25308, 6684, 3, 4360, 27584, 22753, 30324, 28445, 31564, 17274, 20719, 9581, 7167, 26532, 16313, 27955, 27417, 17833, 6608, 7886, 14319, 18624, 9227, 5584, 21477, 19824, 9647, 8144, 19922, 23181, 7694, 15118, 12563, 11109, 9049, 19502, 17300, 7594, 12868, 5220, 36, 4307, 23422, 10515, 26228, 2418, 176, 29699, 30023, 18392, 176, 16358, 18733, 24950, 3763, 24758, 26031, 4921, 20725, 28254, 2616, 31365, 31108, 4728, 27817, 24435, 4594, 14795, 28313, 4495, 16591, 27380, 31131, 19325, 17044, 2124, 17848, 13455, 554, 19815, 2805, 22781, 16691, 24003, 5938, 12413, 30357, 3642, 18176, 25415, 23592, 29217, 8981, 23640, 22403, 20159, 2466, 2647, 23640, 13743, 9366, 1668, 24301, 29615, 17072, 14752, 19850, 29493, 8070, 17715, 11794, 4100, 17008, 27869, 10759, 8958, 26802, 27720, 27077, 7625, 4779, 30222, 18015, 4811, 22187, 3531, 15716, 17402, 18175, 21913, 26301, 10303, 13384, 4063, 10456, 12390, 23054, 12444, 20905, 31338, 27092, 22512, 17768, 21316, 21646, 23606, 21843, 23113, 7478, 28118, 7944, 13190, 16409, 20491, 24623, 15809, 17912, 24764, 11169, 21454, 21762, 23986, 25154, 1604, 24911, 9271, 21751, 21868, 26528, 29261, 23899, 31172, 23286, 20010, 6123, 11866, 19427, 28158, 27343, 21492, 2527, 30118, 16921, 17235, 727, 783, 13339, 5240, 4383, 29112, 5975, 23304, 14167, 27711, 9805, 3079, 3415, 10986, 18238, 16548, 17456, 137, 6163, 12242, 30476, 29026, 11365, 25859, 16382, 16263, 25620, 7447, 2519, 15891, 18635, 31835, 8969, 22389, 8197, 10270, 31252, 25851, 20531, 11944, 5422, 24628, 22877, 21278, 4949, 189, 258, 20684, 26616, 31056, 19161, 21310, 30082, 7282, 522, 8158, 22007, 5594, 15593, 8813, 19857, 12992, 17890, 15042, 22165, 15963, 30089, 2424, 29758, 17440, 31371, 30907, 29239, 10072, 30413, 11167, 22518, 20372, 27845, 28627, 1889, 20744, 24437, 10625, 27759, 30248, 8280, 20883, 14472, 28781, 28673, 28001, 22880, 17431, 7472, 23275, 12551, 4581, 12145, 20094, 4393, 18420, 2190, 17510, 26026, 16196, 31483, 29349, 17213, 4996, 10695, 405, 17364, 24588, 13829, 26414, 8964, 26962, 30991, 19030, 10196, 31086, 30503, 6859, 4047, 23584, 23867, 19595, 12537, 23059, 8206, 25081, 12134, 16703, 12189, 5429, 25325, 22420, 16192, 24904, 8856, 25760, 19718, 1522, 28319, 9805, 1348, 23677, 1905, 31408, 24656, 12375, 4068, 14804, 21978, 16866, 30978, 23102, 17617, 13321, 28083, 10721, 12982, 22829, 20074, 412, 23472, 9762, 18150, 6177, 543, 29572, 15269, 16775, 18067, 31183, 8857, 25933, 26418, 24323, 11253, 16524, 10146, 5805, 22930, 14442, 6467, 24036, 2509, 8587, 12454, 29412, 6469, 21434, 29233, 7943, 1799, 21419, 15956, 5946, 20329, 6174, 19017, 18922, 28611, 30108, 24024, 17013, 723, 27307, 10901, 29356, 22891, 1560, 4017, 20904, 6224, 12572, 12170, 31842, 18898, 24205, 20227, 28200, 5357, 22586, 17256, 10527, 29143, 25928, 16867, 29880, 24769, 19350, 18229, 17916, 15954, 26603, 9747, 28593, 13447, 5746, 20301, 12382, 9801, 8445, 28518, 31494, 15104, 7857, 25752, 4097, 6930, 19850, 17347, 6649, 25266, 18185, 18798, 7970, 2200, 14849, 20653, 1590, 6661, 28125, 11616, 12114, 25537, 7766, 8474, 28821, 30621, 21690, 11882, 8983, 23723, 11968, 21501, 26971, 1113, 4892, 28352, 8991, 8568, 6131, 12650, 19613, 11662, 3595, 8249, 13985, 17802, 1219, 1769, 29175, 10158, 11083, 11211, 29564, 17754, 31459, 16959, 16784, 7522, 10059, 13619, 20358, 2970, 12026, 22478, 4068, 20780, 4022, 12321, 21532, 22359, 23237, 4814, 29435, 16429, 25799, 13347, 6836, 20043, 1680, 8869, 13668, 30176, 29562, 3965, 22677, 29240, 9908, 6697, 24929, 9359, 29583, 23725, 10705, 9473, 31132, 24872, 18797, 2229, 3454, 18971, 16626, 22610, 3558, 3961, 27033, 10467, 1782, 27941, 6691, 11863, 10170, 14610, 24915, 9066, 8177, 3125, 22681, 31778, 1899, 14966, 12240, 28890, 6074, 17591, 12346, 25190, 13774, 1471, 13557, 25672, 15794, 29843, 27753, 292, 1949, 30511, 28987, 27261, 5963, 24990, 25627, 17970, 13743, 28759, 16364, 23602, 21807, 28090, 17450, 21520, 19605, 9599, 18222, 26928, 13400, 26771, 13446, 10856, 20296, 20599, 8409, 25361, 7221, 5698, 11596, 13608, 22805, 13587, 5300, 53, 29986, 1218, 18999, 15396, 21121, 9321, 9601, 24968, 369, 9778, 25694, 11830, 25489, 5045, 23610, 10977, 18544, 24202, 9124, 19404, 10877, 6286, 24728, 830, 23944, 28757, 28292, 2247, 13612, 25018, 11430, 23029, 12826, 19582, 6692, 13109, 16357, 22441, 13604, 16051, 19291, 14672, 13656, 16149, 4770, 745, 13976, 2589, 4132, 18648, 26244, 27543, 22969, 5976, 8423, 21313, 23051, 24877, 27045, 8997, 27841, 9671, 21468, 3638, 5571, 16359, 4957, 4962, 31765, 30521, 13880, 9597, 66, 30699, 31695, 27836, 25518, 24386, 23328, 2772, 1539, 30342, 7719, 13825, 20817, 12161, 1192, 14401, 11203, 24084, 31754, 14259, 25415, 15991, 12681, 1583, 30522, 16490, 9507, 8305, 13086, 14023, 4733, 9534, 14668, 10337, 9920, 4408, 10658, 10377, 2825, 18703, 31293, 3185, 19385, 26397, 28901, 15227, 20632, 6070, 29341, 19086, 21540, 19817, 8876, 20842, 30249, 22989, 25862, 3483, 31599, 4378, 20278, 28571, 10624, 2832, 14061, 339, 23256, 1443, 27746, 6566, 24177, 22651, 30144, 10834, 13120, 8065, 24584, 24384, 4891, 7817, 1680, 18326, 27823, 31188, 30685, 13068, 10372, 15299, 13234, 27652, 17998, 7902, 6333, 21202, 23883, 31863, 29211, 21386, 11584, 13886, 8454, 29506, 11689, 8520, 28735, 25809, 23765, 25277, 20831, 8081, 17602, 8116, 24517, 1852, 14932, 1212, 18679, 18598, 23548, 11016, 10420, 7954, 25334, 27046, 9509, 3048, 2732, 30996, 10057, 16655, 24908, 22200, 22962, 10544, 9985, 25224, 24218, 9320, 29895, 12697, 3693, 29114, 6527, 31674, 23696, 4965, 11160, 10249, 30470, 19495, 3531, 21408, 30020, 24985, 289, 12676, 9981, 3188, 5988, 2581, 23162, 18409, 17239, 22448, 28360, 8599, 26018, 26832, 17729, 23282, 20024, 17768, 30938, 24695, 30299, 21579, 4610, 2965, 5687, 4161, 27180, 12626, 5339, 28798, 9684, 28324, 2422, 4980, 2560, 22303, 14930, 12171, 22258, 707, 4481, 31916, 24089, 7577, 14380, 1218, 4231, 27714, 17886, 5318, 31860, 23230, 2879, 24826, 31526, 9429, 16619, 5118, 30351, 13941, 27796, 20944, 11932, 3460, 9638, 28938, 7654, 16763, 530, 22515, 281, 26436, 7112, 18792, 25428, 25891, 25166, 2176, 42, 7725, 11616, 29136, 2383, 30565, 16776, 26495, 28080, 31674, 31753, 27817, 3317, 19924, 17202, 1391, 24290, 9735, 589, 29227, 31673, 29908, 23061, 10107, 3155, 21391, 13254, 25494, 10833, 30123, 21912, 22398, 24862, 30804, 23983, 7371, 22373, 21111, 24603, 2829, 24935, 30054, 23338, 25462, 10903, 9618, 3276, 24733, 22951, 17019, 3902, 4635, 4272, 7823, 23693, 23300, 14812, 2453, 23030, 25076, 17016, 20031, 25437, 4525, 13100, 13984, 11730, 2795, 12250, 7281, 23021, 3632, 8418, 4915, 9896, 2885, 9615, 16264, 5060, 4096, 25541, 5015, 18297, 10539, 9823, 29015, 31606, 27834, 17689, 19735, 8387, 3325, 12802, 25886, 4385, 13868, 20861, 12933, 17372, 5061, 25613, 8808, 28929, 4533, 15543, 19104, 3173, 21201, 11842, 1223, 306, 18337, 487, 21864, 21983, 5172, 20944, 7038, 11369, 3133, 31813, 30765, 7296, 26079, 21036, 31258, 15637, 8003, 21318, 4135, 24756, 13093, 7015, 22024, 28787, 28952, 11271, 17768, 11588, 19298, 30824, 20769, 361, 4570, 21855, 7684, 19217, 17790, 20928, 31801, 31942, 7497, 31360, 21614, 1518, 10952, 25503, 24441, 5837, 31517, 27654, 3926, 2820, 6773, 858, 28325, 19623, 20237, 27771, 15169, 19893, 15009, 23697, 12430, 28330, 13392, 19311, 12812, 21279, 5828, 10279, 16237, 22695, 23340, 5278, 26474, 29390, 2802, 22740, 22833, 25977, 13064, 1547, 8176, 11161, 19503, 23429, 1204, 17709, 6607, 16460, 2864, 12057, 1048, 20250, 9328, 15764, 15255, 25283, 26223, 30923, 241, 2942, 10269, 20757, 24104, 27136, 31644, 31965, 284, 19264, 26965, 28853, 4537, 13560, 10334, 21441, 17842, 28503, 26293, 30414, 25644, 21998, 28938, 29500, 3822, 10330, 29786, 7916, 697, 14871, 11779, 23264, 11061, 6664, 163, 21565, 12187, 31836, 2250, 21293, 23170, 27571, 23616, 4858, 19878, 1796, 9217, 13782, 2705, 23261, 19110, 9080, 20316, 30084, 11655, 12315, 8323, 9779, 31891, 8929, 29424, 23790, 25947, 19876, 7152, 15318, 18414, 2323, 28325, 31918, 12809, 15787, 31354, 31133, 5430, 8099, 20733, 5384, 12353, 22485, 2767, 30222, 29715, 9976, 15561, 24262, 1343, 23165, 12128, 25936, 30682, 14454, 15590, 25006, 22517, 10846, 1264, 28696, 29401, 6348, 31818, 316, 30495, 18885, 20652, 10930, 5444, 24143, 28952, 14578, 25928, 2667, 477, 31349, 18353, 17894, 9079, 17790, 19910, 11401, 7192, 21820, 22083, 15865, 18514, 18115, 20715, 1928, 23664, 8668, 122, 7576, 31700, 30864, 26486, 2979, 18969, 14453, 12639, 24200, 15125, 27935, 2625, 21271]]]
]]]]]:
