72 -60,-40,106 3 8,16
72 -60,-20,106 3 8,16
72 -60,20,106 3 8,16
72 -60,40,106 3 8,16
72 -60,80,106 3 8,16
72 -60,100,106 3 6,8,9,12,15,16
72 -48,68,106 3 -
72 -48,102,106 5 10,15
72 -24,4,106 3 -
72 -24,32,106 3 -
72 -24,88,106 3 8,12
72 -24,102,106 4 8
72 -24,102,106 5 6,12
72 -24,104,106 3 12
72 -24,106 11 6..16
72 -18,30,106 5 -
72 -18,78,106 5 8
72 -18,81,106 7 6,8
72 -18,99,106 7 15
72 -18,99,106 8 6,8,10,12,14,16
72 -18,102,106 5 8,12,15,16
72 12,30,106 4 10,12
72 12,54,106 4 10
72 12,66,106 4 10,12
72 12,102,106 4 10,12
72 12,102,106 5 10,15
72 18,45,106 7 15
72 18,81,106 7 9
72 18,99,106 7 15
72 18,99,106 8 9
72 18,106 17 6,12
72 24,42,106 5 16
72 24,78,106 5 6..16
72 24,88,106 3 6
72 24,90,106 5 6,8
72 24,104,106 3 6..13
72 40,106 3 12
72 42,106 5 10,15
72 48,52,106 3 9
72 48,56,106 3 9
72 48,64,106 3 9,14,15
72 48,68,106 3 9
72 48,76,106 3 9
72 48,80,106 3 9,14
72 48,88,106 3 9
72 48,90,106 5 6,9,12
72 48,92,106 3 9,14
72 48,100,106 3 9
72 48,102,106 4 6
72 48,102,106 5 6,9,12
72 48,104,106 3 6,9
72 48,106 9 9
72 48,106 11 10,15
72 54,60,106 5 16
72 54,66,106 5 16
72 54,78,106 5 8,9,12,16
72 54,84,106 4 -
72 54,84,106 5 16
72 54,96,106 4 9
72 54,96,106 5 16
72 54,99,106 6 8
72 54,99,106 8 6,9,12
72 54,102,106 5 9,16
72 54,106 13 6
72 54,106 15 16
72 54,106 17 12
72 56,106 3 6
72 60,78,106 5 6,8,9,12,16
72 60,80,106 3 8,16
72 60,88,106 3 8
72 60,100,106 3 8,16
72 84,88,106 3 9
72 84,104,106 3 16
81 -9,106 7 10
81 36,106 8 8,16
90 78,106 5 6..15
