48 -12,100,118 3 10
48 -12,114,118 5 15
48 -12,118 11 10,15
48 12,32,118 3 7,14
48 12,44,118 3 7,14
48 12,52,118 3 7,14
48 12,76,118 3 7,14
48 12,92,118 3 7,14
48 12,112,118 3 7,14
48 42,118 5 15
48 60,78,118 4 6,8,10
48 60,102,118 5 10
48 60,104,118 3 -
48 60,114,118 4 6,8,10
48 60,114,118 5 10
48 78,118 5 10
48 80,118 5 6
48 80,118 7 10
48 104,108,118 3 6,9
72 -60,90,118 5 6,8,10,12,14,16
72 -36,90,118 5 6,8,10,12,14,16
72 -36,100,118 3 8
72 -36,102,118 5 8
72 -12,90,118 5 6,8,10,12,14,16
72 -12,100,118 3 8
72 -12,102,118 5 8
72 12,32,118 3 9,12
72 12,44,118 3 9,10
72 12,52,118 3 9,12
72 12,76,118 3 9,10,12
72 12,90,118 5 6,8,10,12,14,16
72 12,92,118 3 9,12
72 12,112,118 3 6,9,12
72 36,90,118 5 6,8,10,12,14,16
72 36,100,118 3 8
72 36,102,118 5 8
72 36,116,118 3 6,8,10,12,14,16
72 60,90,118 5 6,8,10,12,14,16
72 84,90,118 5 6,8,10,12,14,16
72 84,100,118 3 -
72 90,118 5 6,8,10,12,14,16
80 -60,-50,-25,118 4 16
80 -60,-50,-5,118 4 16
80 -60,-50,5,118 4 -
80 -60,-50,25,118 4 16
80 -60,-50,75,118 4 16
80 -60,-50,85,118 4 16
80 -60,-50,105,118 4 -
80 -60,-30,-5,118 4 -
80 -60,-30,5,118 4 -
80 -60,-30,105,118 4 -
80 -60,-10,-5,118 4 -
80 -60,-10,5,118 4 -
80 -60,-10,25,118 3 6,9
80 -60,-10,105,118 4 -
80 -60,-5,118 4 -
80 -60,5,118 4 -
80 -60,10,105,118 4 -
80 -60,30,105,118 4 -
80 -60,50,55,118 4 -
80 -60,50,65,118 4 -
80 -60,50,75,118 4 16
80 -60,50,85,118 4 -
80 -60,50,95,118 4 -
80 -60,50,105,118 4 16
80 -60,50,115,118 4 -
80 -60,50,118 8 -
80 -60,70,75,118 4 16
80 -60,70,85,118 4 16
80 -60,70,95,118 4 16
80 -60,70,105,118 4 16
80 -60,70,115,118 4 6..16
80 -60,70,118 8 16
80 -60,70,118 9 16
80 -60,85,118 4 8
80 -60,90,105,118 4 -
80 -60,90,118 7 6,9,12,15
80 -60,105,118 4 16
80 -60,108,118 3 6,9,12,15
80 -50,-25,118 4 13,16
80 -50,-5,118 4 13,16
80 -50,25,118 4 13,16
80 -50,75,118 4 13,16
80 -50,85,118 4 13,16
80 -48,-28,118 3 8,12,16
80 -48,12,118 3 8,12,16
80 -48,52,118 3 8,12,16
80 -48,92,118 3 8,12,16
80 -20,10,75,118 3 -
80 -20,12,118 3 -
80 -20,30,115,118 3 6
80 -20,30,115,118 4 6,9,12,15
80 -20,30,118 9 -
80 -20,50,75,118 4 16
80 -20,50,105,118 4 16
80 -20,50,118 7 10
80 -20,70,75,118 4 8,16
80 -20,70,85,118 4 16
80 -20,70,95,118 4 16
80 -20,70,105,118 4 16
80 -20,70,115,118 4 6..16
80 -20,70,118 8 16
80 -20,70,118 9 16
80 -20,76,118 3 -
80 -20,84,118 3 16
80 -20,85,118 4 8
80 -20,90,115,118 3 6
80 -20,90,115,118 4 6,8,10,12
80 -20,92,118 3 8
80 -20,108,118 3 8,9,12,16
80 -20,110,115,118 3 6,8
80 -20,110,115,118 4 8,12,15,16
80 -20,110,118 9 6,8,10,12,14,16
80 -20,115,118 4 8,16
80 -10,45,118 3 -
80 -8,68,118 3 -
80 10,75,118 3 -
80 10,115,118 4 8,12,16
80 16,44,118 3 16
80 16,60,118 3 16
80 16,100,118 3 16
80 16,118 7 8,10,12,15,16
80 20,50,75,118 4 8,16
80 20,50,105,118 4 16
80 20,50,115,118 4 6,12,15
80 20,50,118 7 6..14
80 20,70,75,118 4 16
80 20,70,85,118 4 16
80 20,70,95,118 4 16
80 20,70,105,118 4 16
80 20,70,115,118 4 6..16
80 20,70,118 8 16
80 20,70,118 9 16
80 20,85,118 4 8
80 20,90,115,118 4 9
80 20,110,115,118 4 6,12,15
80 20,110,118 7 6,10,12
80 20,110,118 9 9
80 32,84,118 3 -
80 32,116,118 3 6..15
80 48,118 5 6
80 50,75,118 4 16
80 50,105,118 4 16
80 60,70,75,118 4 16
80 60,70,85,118 3 -
80 60,70,85,118 4 8,12,16
80 60,70,95,118 3 -
80 60,70,95,118 4 16
80 60,70,105,118 4 16
80 60,70,115,118 4 6..16
80 60,70,118 8 16
80 60,70,118 9 16
80 60,84,118 3 6
80 60,85,118 3 -
80 60,85,118 4 8,9,12,16
80 60,90,95,118 3 -
80 60,90,118 9 6,9,12,15
80 60,95,118 3 -
80 60,104,118 3 6
80 60,108,118 3 6,9
80 60,110,115,118 3 -
80 60,110,115,118 4 9
80 60,110,118 6 -
80 60,110,118 7 9
80 60,110,118 9 6,8,9,12,15,16
80 60,112,118 3 9
80 60,115,118 4 9
80 60,116,118 3 6,9
80 64,118 7 6,9,11,12,15
80 70,75,118 4 6,16
80 70,85,118 4 6,16
80 70,95,118 4 6,16
80 70,105,118 4 6,16
80 70,115,118 4 6..16
80 70,118 8 6,16
80 70,118 9 6,9,16
80 72,92,118 3 -
80 72,100,118 3 -
80 85,118 4 8
80 88,108,118 3 9
80 88,118 7 6,8,10,12,14,16
80 96,108,118 3 10,15
80 96,118 7 6
80 100,105,118 4 6,9,12,15
80 100,108,118 3 9,10,15
80 100,110,115,118 4 6,9,10,12,15
80 100,110,118 8 6,9,12,15
80 100,115,118 4 6,9,12,15
80 100,118 16 6,9,12,15
80 100,118 17 9
90 -80,-45,118 3 8
90 -80,5,118 3 8
90 -80,25,118 3 8
90 -80,95,118 3 8
90 -45,-10,118 3 -
90 -45,25,118 3 -
90 -45,95,118 3 -
90 -45,115,118 4 6,12
90 -15,65,118 3 -
90 -15,85,118 3 -
90 -10,25,118 3 8
90 -10,95,118 3 8
90 -10,115,118 4 10
90 10,118 7 16
90 18,118 5 8,16
90 40,75,118 4 16
90 40,85,118 4 16
90 42,118 5 6..16
90 45,85,118 4 6,8,10,12,14,16
90 45,100,118 3 -
90 45,110,118 4 6,9,12,15
90 45,115,118 4 6,12
90 50,118 7 6,8,10,12,14
90 66,118 5 8,16
90 70,75,118 4 8
90 70,85,118 4 8
90 70,95,118 4 8
90 70,105,118 4 8
90 70,115,118 4 6,7,8,9,10,11,12,14
90 70,118 7 8
90 70,118 8 8
90 70,118 9 8,16
90 75,85,118 4 6..12
90 75,110,118 4 6,9
90 75,115,118 4 6
90 78,118 5 8
90 100,105,118 3 7
90 108,118 5 7,14
96 -84,-30,118 4 10
96 -84,6,118 4 10
96 -84,78,118 4 10
96 -40,-12,118 3 10
96 -40,28,118 3 10
96 -40,44,118 3 10
96 -40,100,118 3 10
96 12,112,118 3 6..16
96 16,118 7 10,15
96 32,52,118 3 16
96 32,84,118 3 16
96 32,92,118 3 16
96 36,66,118 4 10
96 36,102,118 4 10
96 60,78,118 4 10
96 60,114,118 4 10
96 60,114,118 5 15
96 64,118 7 10,15
96 78,118 5 15
96 80,116,118 3 10
96 80,118 7 15
96 88,118 7 10
100 -50,-25,118 4 6,8,10,12,14,16
100 -50,-5,118 4 6,8,10,12,14,16
100 -50,25,118 4 6,8,10,12,14,16
100 -50,75,118 4 6,8,10,12,14,16
100 -50,85,118 4 6,8,10,12,14,16
100 -30,55,118 4 -
100 -10,25,118 3 6
100 -10,45,118 3 6
100 -10,95,118 3 6
100 50,75,118 4 10
100 50,118 7 10,15
100 84,118 3 12
100 90,118 9 12
100 92,118 3 6,9
