2026-09-10T02:16:01.754515214Z
Running as unit: jc2-f10-quotient-generic-r3-20260910.service; invocation ID: 8fd1670f9fb74516a3bf5a4b6d13b9bd
MainPID=1411
ControlGroup=/system.slice/jc2-f10-quotient-generic-r3-20260910.service
Id=jc2-f10-quotient-generic-r3-20260910.service
ActiveState=active
InvocationID=8fd1670f9fb74516a3bf5a4b6d13b9bd
OWNED_PID=1411
2026-09-10T02:16:01.819771203Z
1411 (python3) R 1 1411 1411 0 -1 4194560 1968 0 0 0 1 0 0 0 20 0 1 0 14586 21004288 2910 18446744073709551615 4325376 7353021 140721431254528 0 0 0 0 16781312 2 0 0 0 17 15 0 0 0 0 0 10657224 12220544 432648192 140721431256514 140721431256670 140721431256670 140721431257063 0
pid:[4026531836]
/usr/bin/python3 -I -B /home/ubuntu/jc2-f10-quotient-generic-r3-20260910/dispatch_batch.py 976a8c7649c38ba9867b89d4ac4721bb61d2fcdc3ea663fd164e2f4764d49eb8 
OWNED_PID=1424
2026-09-10T02:16:01.985323409Z
1424 (python3) R 1411 1411 1411 0 -1 4194304 1992 0 0 0 1 0 0 0 20 0 1 0 14603 22122496 3268 18446744073709551615 4325376 7353021 140734704718032 0 0 0 0 16781312 2 0 0 0 17 1 0 0 0 0 0 10657224 12220544 213323776 140734704724770 140734704725598 140734704725598 140734704725991 0
pid:[4026531836]
/usr/bin/python3 -I -B /home/ubuntu/jc2-f10-quotient-generic-r3-20260910/run_capped.py --wall-seconds 5 --cpu-seconds 3 --rss-bytes 2147483648 --rss-sample-seconds 0.05 --term-grace-seconds 0.25 --cwd /home/ubuntu/jc2-f10-quotient-generic-r3-20260910 --stdout-file /home/ubuntu/jc2-f10-quotient-generic-r3-20260910/gate-disabled.stdout --stderr-file /home/ubuntu/jc2-f10-quotient-generic-r3-20260910/gate-disabled.stderr --telemetry-file /home/ubuntu/jc2-f10-quotient-generic-r3-20260910/gate-disabled.telemetry.json -- /usr/bin/python3 -I -B /home/ubuntu/jc2-f10-quotient-generic-r3-20260910/probe.py /home/ubuntu/jc2-f10-quotient-generic-r3-20260910/gate-disabled.authority.json /home/ubuntu/jc2-f10-quotient-generic-r3-20260910/generic.plan.json /home/ubuntu/jc2-f10-quotient-generic-r3-20260910/gate-disabled.sentinel plain 
OWNED_PID=1431
2026-09-10T02:16:02.042152587Z
1431 (python3) R 1424 1431 1431 0 -1 4194304 2041 0 0 0 2 0 0 0 20 0 1 0 14608 27275264 4173 18446744073709551615 4325376 7353021 140724048091520 0 0 0 0 16781312 2 0 0 0 17 2 0 0 0 0 0 10657224 12220544 373878784 140724048092458 140724048092766 140724048092766 140724048093159 0
pid:[4026531836]
/usr/bin/python3 -I -B /home/ubuntu/jc2-f10-quotient-generic-r3-20260910/probe.py /home/ubuntu/jc2-f10-quotient-generic-r3-20260910/gate-disabled.authority.json /home/ubuntu/jc2-f10-quotient-generic-r3-20260910/generic.plan.json /home/ubuntu/jc2-f10-quotient-generic-r3-20260910/gate-disabled.sentinel plain 
OWNED_PID=1447
2026-09-10T02:16:02.258954813Z
1447 (python3) R 1411 1411 1411 0 -1 4194304 815 0 0 0 0 0 0 0 20 0 1 0 14632 17211392 1810 18446744073709551615 4325376 7353021 140733744218736 0 0 0 0 0 0 0 0 0 17 1 0 0 0 0 0 10657224 12220544 14446592 140733744220957 140733744221790 140733744221790 140733744222183 0
pid:[4026531836]
/usr/bin/python3 -I -B /home/ubuntu/jc2-f10-quotient-generic-r3-20260910/run_capped.py --wall-seconds 5 --cpu-seconds 3 --rss-bytes 2147483648 --rss-sample-seconds 0.05 --term-grace-seconds 0.25 --cwd /home/ubuntu/jc2-f10-quotient-generic-r3-20260910 --stdout-file /home/ubuntu/jc2-f10-quotient-generic-r3-20260910/gate-wronghost.stdout --stderr-file /home/ubuntu/jc2-f10-quotient-generic-r3-20260910/gate-wronghost.stderr --telemetry-file /home/ubuntu/jc2-f10-quotient-generic-r3-20260910/gate-wronghost.telemetry.json -- /usr/bin/python3 -I -B /home/ubuntu/jc2-f10-quotient-generic-r3-20260910/probe.py /home/ubuntu/jc2-f10-quotient-generic-r3-20260910/gate-wronghost.authority.json /home/ubuntu/jc2-f10-quotient-generic-r3-20260910/generic.plan.json /home/ubuntu/jc2-f10-quotient-generic-r3-20260910/gate-wronghost.sentinel plain 
OWNED_PID=1454
2026-09-10T02:16:02.316514762Z
1454 (python3) R 1447 1454 1454 0 -1 4194304 1462 0 0 0 1 0 0 0 20 0 1 0 14636 20217856 2720 18446744073709551615 4325376 7353021 140728815315504 0 0 0 0 16781312 2 0 0 0 17 11 0 0 0 0 0 10657224 12220544 137490432 140728815316264 140728815316574 140728815316574 140728815316967 0
pid:[4026531836]
/usr/bin/python3 -I -B /home/ubuntu/jc2-f10-quotient-generic-r3-20260910/probe.py /home/ubuntu/jc2-f10-quotient-generic-r3-20260910/gate-wronghost.authority.json /home/ubuntu/jc2-f10-quotient-generic-r3-20260910/generic.plan.json /home/ubuntu/jc2-f10-quotient-generic-r3-20260910/gate-wronghost.sentinel plain 
OWNED_PID=1472
2026-09-10T02:16:02.586462949Z
1472 (python3) S 1411 1411 1411 0 -1 4194304 3656 0 0 0 3 1 0 0 20 0 1 0 14660 31240192 5333 18446744073709551615 4325376 7353021 140727795523952 0 0 0 0 16781312 16387 1 0 0 17 2 0 0 0 0 0 10657224 12220544 850653184 140727795526454 140727795527262 140727795527262 140727795527655 0
pid:[4026531836]
/usr/bin/python3 -I -B /home/ubuntu/jc2-f10-quotient-generic-r3-20260910/run_capped.py --wall-seconds 5 --cpu-seconds 3 --rss-bytes 2147483648 --rss-sample-seconds 0.05 --term-grace-seconds 0.25 --cwd /home/ubuntu/jc2-f10-quotient-generic-r3-20260910 --stdout-file /home/ubuntu/jc2-f10-quotient-generic-r3-20260910/gate-argv.stdout --stderr-file /home/ubuntu/jc2-f10-quotient-generic-r3-20260910/gate-argv.stderr --telemetry-file /home/ubuntu/jc2-f10-quotient-generic-r3-20260910/gate-argv.telemetry.json -- /usr/bin/python3 -I -B /home/ubuntu/jc2-f10-quotient-generic-r3-20260910/probe.py /home/ubuntu/jc2-f10-quotient-generic-r3-20260910/gate-argv.authority.json /home/ubuntu/jc2-f10-quotient-generic-r3-20260910/generic.plan.json /home/ubuntu/jc2-f10-quotient-generic-r3-20260910/gate-argv.sentinel plain 
OWNED_PID=1473
2026-09-10T02:16:02.590890812Z
1473 (python3) R 1472 1473 1473 0 -1 4194304 1161 0 0 0 0 0 0 0 20 0 1 0 14664 18792448 2425 18446744073709551615 4325376 7353021 140731251087856 0 0 0 0 16781312 2 0 0 0 17 11 0 0 0 0 0 10657224 12220544 163303424 140731251088690 140731251088990 140731251088990 140731251089383 0
pid:[4026531836]
/usr/bin/python3 -I -B /home/ubuntu/jc2-f10-quotient-generic-r3-20260910/probe.py /home/ubuntu/jc2-f10-quotient-generic-r3-20260910/gate-argv.authority.json /home/ubuntu/jc2-f10-quotient-generic-r3-20260910/generic.plan.json /home/ubuntu/jc2-f10-quotient-generic-r3-20260910/gate-argv.sentinel plain 
OWNED_PID=1475
2026-09-10T02:16:02.595533667Z
DISAPPEARED_STAT

OWNED_PID=1490
2026-09-10T02:16:02.703191788Z
1490 (ps) Z 1472 1411 1411 0 -1 4227084 380 0 0 0 0 0 0 0 20 0 1 0 14676 0 0 18446744073709551615 0 0 0 0 0 0 0 0 1938947833 1 0 0 17 11 0 0 0 0 0 0 0 0 0 0 0 0 0

OWNED_PID=1500
2026-09-10T02:16:02.865924351Z
1500 (python3) S 1411 1411 1411 0 -1 4194304 3652 0 0 0 3 0 0 0 20 0 1 0 14688 31240192 5324 18446744073709551615 4325376 7353021 140731843103872 0 0 0 0 16781312 16387 1 0 0 17 3 0 0 0 0 0 10657224 12220544 712507392 140731843111739 140731843112542 140731843112542 140731843112935 0
pid:[4026531836]
/usr/bin/python3 -I -B /home/ubuntu/jc2-f10-quotient-generic-r3-20260910/run_capped.py --wall-seconds 5 --cpu-seconds 3 --rss-bytes 2147483648 --rss-sample-seconds 0.05 --term-grace-seconds 0.25 --cwd /home/ubuntu/jc2-f10-quotient-generic-r3-20260910 --stdout-file /home/ubuntu/jc2-f10-quotient-generic-r3-20260910/gate-cap.stdout --stderr-file /home/ubuntu/jc2-f10-quotient-generic-r3-20260910/gate-cap.stderr --telemetry-file /home/ubuntu/jc2-f10-quotient-generic-r3-20260910/gate-cap.telemetry.json -- /usr/bin/python3 -I -B /home/ubuntu/jc2-f10-quotient-generic-r3-20260910/probe.py /home/ubuntu/jc2-f10-quotient-generic-r3-20260910/gate-cap.authority.json /home/ubuntu/jc2-f10-quotient-generic-r3-20260910/generic.plan.json /home/ubuntu/jc2-f10-quotient-generic-r3-20260910/gate-cap.sentinel plain 
OWNED_PID=1501
2026-09-10T02:16:02.870429826Z
1501 (python3) R 1500 1501 1501 0 -1 4194304 1146 0 0 0 0 0 0 0 20 0 1 0 14692 18792448 2434 18446744073709551615 4325376 7353021 140725510881888 0 0 0 0 16781312 2 0 0 0 17 13 0 0 0 0 0 10657224 12220544 60162048 140725510884660 140725510884958 140725510884958 140725510885351 0
pid:[4026531836]
/usr/bin/python3 -I -B /home/ubuntu/jc2-f10-quotient-generic-r3-20260910/probe.py /home/ubuntu/jc2-f10-quotient-generic-r3-20260910/gate-cap.authority.json /home/ubuntu/jc2-f10-quotient-generic-r3-20260910/generic.plan.json /home/ubuntu/jc2-f10-quotient-generic-r3-20260910/gate-cap.sentinel plain 
OWNED_PID=1503
2026-09-10T02:16:02.874903751Z
DISAPPEARED_STAT

OWNED_PID=1518
2026-09-10T02:16:02.983154311Z
1518 (ps) R 1500 1411 1411 0 -1 4194304 372 0 0 0 0 0 0 0 20 0 1 0 14704 11505664 1031 18446744073709551615 105475675222016 105475675287041 140725901631280 0 0 0 0 0 1938947833 0 0 0 17 4 0 0 0 0 0 105475675312752 105475675329160 105476680708096 140725901635139 140725901635175 140725901635175 140725901635568 0
pid:[4026531836]

OWNED_PID=1528
2026-09-10T02:16:03.146309888Z
1528 (python3) S 1411 1411 1411 0 -1 4194304 3659 0 0 0 3 0 0 0 20 0 1 0 14716 31240192 5336 18446744073709551615 4325376 7353021 140734911451600 0 0 0 0 16781312 16387 1 0 0 17 4 0 0 0 0 0 10657224 12220544 307109888 140734911458057 140734911458910 140734911458910 140734911459303 0
pid:[4026531836]
/usr/bin/python3 -I -B /home/ubuntu/jc2-f10-quotient-generic-r3-20260910/run_capped.py --wall-seconds 5 --cpu-seconds 3 --rss-bytes 2147483648 --rss-sample-seconds 0.05 --term-grace-seconds 0.25 --cwd /home/ubuntu/jc2-f10-quotient-generic-r3-20260910 --stdout-file /home/ubuntu/jc2-f10-quotient-generic-r3-20260910/gate-missing-input.stdout --stderr-file /home/ubuntu/jc2-f10-quotient-generic-r3-20260910/gate-missing-input.stderr --telemetry-file /home/ubuntu/jc2-f10-quotient-generic-r3-20260910/gate-missing-input.telemetry.json -- /usr/bin/python3 -I -B /home/ubuntu/jc2-f10-quotient-generic-r3-20260910/probe.py /home/ubuntu/jc2-f10-quotient-generic-r3-20260910/gate-missing-input.authority.json /home/ubuntu/jc2-f10-quotient-generic-r3-20260910/generic.plan.json /home/ubuntu/jc2-f10-quotient-generic-r3-20260910/gate-missing-input.sentinel plain 
OWNED_PID=1530
2026-09-10T02:16:03.150809171Z
1530 (python3) R 1528 1530 1530 0 -1 4194304 1027 0 0 0 0 0 0 0 20 0 1 0 14721 18640896 2304 18446744073709551615 4325376 7353021 140734745580512 0 0 0 0 16781312 2 0 0 0 17 13 0 0 0 0 0 10657224 12220544 894533632 140734745582880 140734745583198 140734745583198 140734745583591 0
pid:[4026531836]
/usr/bin/python3 -I -B /home/ubuntu/jc2-f10-quotient-generic-r3-20260910/probe.py /home/ubuntu/jc2-f10-quotient-generic-r3-20260910/gate-missing-input.authority.json /home/ubuntu/jc2-f10-quotient-generic-r3-20260910/generic.plan.json /home/ubuntu/jc2-f10-quotient-generic-r3-20260910/gate-missing-input.sentinel plain 
OWNED_PID=1541
2026-09-10T02:16:03.208731638Z
1541 (ps) Z 1528 1411 1411 0 -1 4227084 378 0 0 0 0 0 0 0 20 0 1 0 14727 0 0 18446744073709551615 0 0 0 0 0 0 0 0 1938947833 1 0 0 17 9 0 0 0 0 0 0 0 0 0 0 0 0 0

OWNED_PID=1547
2026-09-10T02:16:03.265131328Z
1547 (ps) R 1528 1411 1411 0 -1 4194304 373 0 0 0 0 0 0 0 20 0 1 0 14732 11505664 1020 18446744073709551615 97768231936000 97768232001025 140733587551632 0 0 0 0 0 1938947833 0 0 0 17 13 0 0 0 0 0 97768232026736 97768232043144 97769271902208 140733587557955 140733587557991 140733587557991 140733587558384 0
pid:[4026531836]
bash: line 16: /proc/1547/cmdline: No such file or directory

OWNED_PID=1558
2026-09-10T02:16:03.428491615Z
1558 (python3) S 1411 1411 1411 0 -1 4194304 3659 0 0 0 3 0 0 0 20 0 1 0 14744 31240192 5321 18446744073709551615 4325376 7353021 140736068651168 0 0 0 0 16781312 16387 1 0 0 17 4 0 0 0 0 0 10657224 12220544 428765184 140736068660017 140736068660830 140736068660830 140736068661223 0
pid:[4026531836]
/usr/bin/python3 -I -B /home/ubuntu/jc2-f10-quotient-generic-r3-20260910/run_capped.py --wall-seconds 5 --cpu-seconds 3 --rss-bytes 2147483648 --rss-sample-seconds 0.05 --term-grace-seconds 0.25 --cwd /home/ubuntu/jc2-f10-quotient-generic-r3-20260910 --stdout-file /home/ubuntu/jc2-f10-quotient-generic-r3-20260910/gate-valid.stdout --stderr-file /home/ubuntu/jc2-f10-quotient-generic-r3-20260910/gate-valid.stderr --telemetry-file /home/ubuntu/jc2-f10-quotient-generic-r3-20260910/gate-valid.telemetry.json -- /usr/bin/python3 -I -B /home/ubuntu/jc2-f10-quotient-generic-r3-20260910/probe.py /home/ubuntu/jc2-f10-quotient-generic-r3-20260910/gate-valid.authority.json /home/ubuntu/jc2-f10-quotient-generic-r3-20260910/generic.plan.json /home/ubuntu/jc2-f10-quotient-generic-r3-20260910/gate-valid.sentinel plain 
OWNED_PID=1559
2026-09-10T02:16:03.433192875Z
1559 (python3) R 1558 1559 1559 0 -1 4194304 1173 0 0 0 0 0 0 0 20 0 1 0 14749 18792448 2429 18446744073709551615 4325376 7353021 140735694276400 0 0 0 0 16781312 2 0 0 0 17 13 0 0 0 0 0 10657224 12220544 423751680 140735694282032 140735694282334 140735694282334 140735694282727 0
pid:[4026531836]
/usr/bin/python3 -I -B /home/ubuntu/jc2-f10-quotient-generic-r3-20260910/probe.py /home/ubuntu/jc2-f10-quotient-generic-r3-20260910/gate-valid.authority.json /home/ubuntu/jc2-f10-quotient-generic-r3-20260910/generic.plan.json /home/ubuntu/jc2-f10-quotient-generic-r3-20260910/gate-valid.sentinel plain 
OWNED_PID=1561
2026-09-10T02:16:03.437755885Z
DISAPPEARED_STAT

OWNED_PID=1576
2026-09-10T02:16:03.545664589Z
1576 (ps) R 1558 1411 1411 0 -1 4194304 372 0 0 0 0 0 0 0 20 0 1 0 14760 11505664 1019 18446744073709551615 99613386481664 99613386546689 140724397076560 0 0 0 0 0 1938947833 0 0 0 17 13 0 0 0 0 0 99613386572400 99613386588808 99613986615296 140724397084227 140724397084263 140724397084263 140724397084656 0
pid:[4026531836]
bash: line 16: /proc/1576/cmdline: No such file or directory

OWNED_PID=1587
2026-09-10T02:16:03.709120986Z
1587 (python3) R 1411 1411 1411 0 -1 4194304 3661 0 0 0 3 0 0 0 20 0 1 0 14772 31240192 5321 18446744073709551615 4325376 7353021 140735133990480 0 0 0 0 16781312 16387 0 0 0 17 4 0 0 0 0 0 10657224 12220544 326291456 140735133993744 140735133994590 140735133994590 140735133994983 0
pid:[4026531836]
/usr/bin/python3 -I -B /home/ubuntu/jc2-f10-quotient-generic-r3-20260910/run_capped.py --wall-seconds 5 --cpu-seconds 3 --rss-bytes 33554432 --rss-sample-seconds 0.05 --term-grace-seconds 0.25 --cwd /home/ubuntu/jc2-f10-quotient-generic-r3-20260910 --stdout-file /home/ubuntu/jc2-f10-quotient-generic-r3-20260910/dummy-descendant.stdout --stderr-file /home/ubuntu/jc2-f10-quotient-generic-r3-20260910/dummy-descendant.stderr --telemetry-file /home/ubuntu/jc2-f10-quotient-generic-r3-20260910/dummy-descendant.telemetry.json -- /usr/bin/python3 -I -B /home/ubuntu/jc2-f10-quotient-generic-r3-20260910/probe.py /home/ubuntu/jc2-f10-quotient-generic-r3-20260910/dummy-descendant.authority.json /home/ubuntu/jc2-f10-quotient-generic-r3-20260910/generic.plan.json /home/ubuntu/jc2-f10-quotient-generic-r3-20260910/dummy-descendant.sentinel descendant 
OWNED_PID=1588
2026-09-10T02:16:03.713752312Z
1588 (python3) R 1587 1588 1588 0 -1 4194304 1282 0 0 0 1 0 0 0 20 0 1 0 14776 18927616 2558 18446744073709551615 4325376 7353021 140730307327952 0 0 0 0 16781312 2 0 0 0 17 13 0 0 0 0 0 10657224 12220544 911056896 140730307329311 140730307329630 140730307329630 140730307330023 0
pid:[4026531836]
/usr/bin/python3 -I -B /home/ubuntu/jc2-f10-quotient-generic-r3-20260910/probe.py /home/ubuntu/jc2-f10-quotient-generic-r3-20260910/dummy-descendant.authority.json /home/ubuntu/jc2-f10-quotient-generic-r3-20260910/generic.plan.json /home/ubuntu/jc2-f10-quotient-generic-r3-20260910/dummy-descendant.sentinel descendant 
OWNED_PID=1589
2026-09-10T02:16:03.717737756Z
DISAPPEARED_STAT

OWNED_PID=1603
2026-09-10T02:16:03.773119900Z
1603 (python3) R 1 1588 1588 0 -1 4194368 6660 0 0 0 0 0 0 0 20 0 1 0 14783 95469568 9407 18446744073709551615 4325376 7353021 140730307327952 0 0 0 0 16797696 2 0 0 0 17 9 0 0 0 0 0 10657224 12220544 911056896 140730307329311 140730307329630 140730307329630 140730307330023 0
pid:[4026531836]
/usr/bin/python3 -I -B /home/ubuntu/jc2-f10-quotient-generic-r3-20260910/probe.py /home/ubuntu/jc2-f10-quotient-generic-r3-20260910/dummy-descendant.authority.json /home/ubuntu/jc2-f10-quotient-generic-r3-20260910/generic.plan.json /home/ubuntu/jc2-f10-quotient-generic-r3-20260910/dummy-descendant.sentinel descendant 
OWNED_PID=1611
2026-09-10T02:16:03.830663193Z
1611 (ps) Z 1587 1411 1411 0 -1 4227084 380 0 0 0 0 0 0 0 20 0 1 0 14789 0 0 18446744073709551615 0 0 0 0 0 0 0 0 1938947833 1 0 0 17 7 0 0 0 0 0 0 0 0 0 0 0 0 0

OWNED_PID=1638
2026-09-10T02:16:04.259237823Z
1638 (python3) S 1411 1411 1411 0 -1 4194304 3688 381 0 0 4 0 0 0 20 0 1 0 14827 31240192 5333 18446744073709551615 4325376 7353021 140735648712752 0 0 0 0 16781312 16387 1 0 0 17 3 0 0 0 0 0 10657224 12220544 669368320 140735648713591 140735648714334 140735648714334 140735648714727 0
pid:[4026531836]
/usr/bin/python3 -I -B /home/ubuntu/jc2-f10-quotient-generic-r3-20260910/run_capped.py --wall-seconds 180 --cpu-seconds 170 --rss-bytes 2147483648 --rss-sample-seconds 0.05 --term-grace-seconds 0.25 --cwd /home/ubuntu/jc2-f10-quotient-generic-r3-20260910 --stdout-file /home/ubuntu/jc2-f10-quotient-generic-r3-20260910/generic.stdout --stderr-file /home/ubuntu/jc2-f10-quotient-generic-r3-20260910/generic.stderr --telemetry-file /home/ubuntu/jc2-f10-quotient-generic-r3-20260910/generic.telemetry.json -- /usr/bin/python3 -I -B /home/ubuntu/jc2-f10-quotient-generic-r3-20260910/generic_controls.py /home/ubuntu/jc2-f10-quotient-generic-r3-20260910/generic.authority.json /home/ubuntu/jc2-f10-quotient-generic-r3-20260910/generic.receipt.json 
OWNED_PID=1639
2026-09-10T02:16:04.264064920Z
1639 (python3) R 1638 1639 1639 0 -1 4194304 1530 0 0 0 1 0 0 0 20 0 1 0 14831 19628032 2782 18446744073709551615 4325376 7353021 140736946023424 0 0 0 0 16781312 2 0 0 0 17 15 0 0 0 0 0 10657224 12220544 105299968 140736946031985 140736946032222 140736946032222 140736946032615 0
pid:[4026531836]
/usr/bin/python3 -I -B /home/ubuntu/jc2-f10-quotient-generic-r3-20260910/generic_controls.py /home/ubuntu/jc2-f10-quotient-generic-r3-20260910/generic.authority.json /home/ubuntu/jc2-f10-quotient-generic-r3-20260910/generic.receipt.json 
OWNED_PID=1640
2026-09-10T02:16:04.267986576Z
DISAPPEARED_STAT

OWNED_PID=1659
2026-09-10T02:16:04.428804720Z
1659 (ps) R 1638 1411 1411 0 -1 4194304 370 0 0 0 0 0 0 0 20 0 1 0 14849 11505664 1020 18446744073709551615 99649987244032 99649987309057 140728423989760 0 0 0 0 0 1938947833 0 0 0 17 13 0 0 0 0 0 99649987334768 99649987351176 99650876370944 140728423996995 140728423997031 140728423997031 140728423997424 0
pid:[4026531836]
tr: read error: No such process

OWNED_PID=1666
2026-09-10T02:16:04.486419494Z
1666 (ps) R 1638 1411 1411 0 -1 4194304 369 0 0 0 0 0 0 0 20 0 1 0 14854 11505664 1020 18446744073709551615 98132024156160 98132024221185 140727162772112 0 0 0 0 0 1938947833 0 0 0 17 13 0 0 0 0 0 98132024246896 98132024263304 98132507348992 140727162777155 140727162777191 140727162777191 140727162777584 0
pid:[4026531836]

OWNED_PID=1673
2026-09-10T02:16:04.543960952Z
1673 (ps) R 1638 1411 1411 0 -1 4194304 370 0 0 0 0 0 0 0 20 0 1 0 14860 11505664 1019 18446744073709551615 109935914778624 109935914843649 140725457284848 0 0 0 0 0 1938947833 0 0 0 17 12 0 0 0 0 0 109935914869360 109935914885768 109936384913408 140725457292867 140725457292903 140725457292903 140725457293296 0
pid:[4026531836]

OWNED_PID=1680
2026-09-10T02:16:04.601066220Z
1680 (ps) R 1638 1411 1411 0 -1 4194304 367 0 0 0 0 0 0 0 20 0 1 0 14866 11505664 1020 18446744073709551615 96996140195840 96996140260865 140727402788544 0 0 0 0 0 1938947833 0 0 0 17 12 0 0 0 0 0 96996140286576 96996140302984 96996696518656 140727402790467 140727402790503 140727402790503 140727402790896 0
pid:[4026531836]

OWNED_PID=1687
2026-09-10T02:16:04.658921752Z
1687 (ps) R 1638 1411 1411 0 -1 4194304 370 0 0 0 0 0 0 0 20 0 1 0 14872 11505664 1019 18446744073709551615 105130345480192 105130345545217 140732640014768 0 0 0 0 0 1938947833 0 0 0 17 13 0 0 0 0 0 105130345570928 105130345587336 105130436571136 140732640022083 140732640022119 140732640022119 140732640022512 0
pid:[4026531836]

OWNED_PID=1693
2026-09-10T02:16:04.715726508Z
1693 (ps) R 1638 1411 1411 0 -1 4194304 369 0 0 0 0 0 0 0 20 0 1 0 14877 11505664 1031 18446744073709551615 94932078784512 94932078849537 140736467075952 0 0 0 0 0 1938947833 0 0 0 17 13 0 0 0 0 0 94932078875248 94932078891656 94932989952000 140736467078723 140736467078759 140736467078759 140736467079152 0
pid:[4026531836]
tr: read error: No such process

OWNED_PID=1700
2026-09-10T02:16:04.773493879Z
1700 (ps) R 1638 1411 1411 0 -1 4194304 368 0 0 0 0 0 0 0 20 0 1 0 14883 11505664 1019 18446744073709551615 104907497029632 104907497094657 140724609416176 0 0 0 0 0 1938947833 0 0 0 17 2 0 0 0 0 0 104907497120368 104907497136776 104907978989568 140724609420867 140724609420903 140724609420903 140724609421296 0
pid:[4026531836]

OWNED_PID=1707
2026-09-10T02:16:04.830785559Z
1707 (ps) R 1638 1411 1411 0 -1 4194304 367 0 0 0 0 0 0 0 20 0 1 0 14889 11505664 1034 18446744073709551615 104186846212096 104186846277121 140732218182896 0 0 0 0 0 1938947833 0 0 0 17 12 0 0 0 0 0 104186846302832 104186846319240 104187001544704 140732218187331 140732218187367 140732218187367 140732218187760 0
pid:[4026531836]
tr: read error: No such process

OWNED_PID=1714
2026-09-10T02:16:04.888427737Z
1714 (ps) R 1638 1411 1411 0 -1 4194304 371 0 0 0 0 0 0 0 20 0 1 0 14895 11505664 1015 18446744073709551615 105214612037632 105214612102657 140721849294736 0 0 0 0 0 1938947833 0 0 0 17 12 0 0 0 0 0 105214612128368 105214612144776 105214956847104 140721849302595 140721849302631 140721849302631 140721849303024 0
pid:[4026531836]
bash: line 16: /proc/1714/cmdline: No such file or directory

OWNED_PID=1721
2026-09-10T02:16:04.945739431Z
1721 (ps) R 1638 1411 1411 0 -1 4194304 369 0 0 0 0 0 0 0 20 0 1 0 14900 11505664 1020 18446744073709551615 96562256625664 96562256690689 140730440600576 0 0 0 0 0 1938947833 0 0 0 17 12 0 0 0 0 0 96562256716400 96562256732808 96563117568000 140730440605251 140730440605287 140730440605287 140730440605680 0
pid:[4026531836]
tr: read error: No such process

OWNED_PID=1728
2026-09-10T02:16:05.002835117Z
1728 (ps) R 1638 1411 1411 0 -1 4194304 370 0 0 0 0 0 0 0 20 0 1 0 14906 11505664 1020 18446744073709551615 106587429494784 106587429559809 140722175848112 0 0 0 0 0 1938947833 0 0 0 17 12 0 0 0 0 0 106587429585520 106587429601928 106588490948608 140722175856195 140722175856231 140722175856231 140722175856624 0
pid:[4026531836]
tr: read error: No such process

OWNED_PID=1735
2026-09-10T02:16:05.060742590Z
1735 (ps) R 1638 1411 1411 0 -1 4194304 371 0 0 0 0 0 0 0 20 0 1 0 14912 11505664 1035 18446744073709551615 110355030339584 110355030404609 140736734233456 0 0 0 0 0 1938947833 0 0 0 17 13 0 0 0 0 0 110355030430320 110355030446728 110355860660224 140736734236227 140736734236263 140736734236263 140736734236656 0
pid:[4026531836]
bash: line 16: /proc/1735/cmdline: No such file or directory

OWNED_PID=1742
2026-09-10T02:16:05.117681332Z
1742 (ps) R 1638 1411 1411 0 -1 4194304 370 0 0 0 0 0 0 0 20 0 1 0 14918 11505664 1035 18446744073709551615 111097679884288 111097679949313 140727759746992 0 0 0 0 0 1938947833 0 0 0 17 15 0 0 0 0 0 111097679975024 111097679991432 111098185175040 140727759752771 140727759752807 140727759752807 140727759753200 0
pid:[4026531836]
tr: read error: No such process

2026-09-10T02:16:05.226430203Z
MainPID=0
ExecMainStatus=0
ControlGroup=
Id=jc2-f10-quotient-generic-r3-20260910.service
ActiveState=inactive
SubState=dead
InvocationID=
