NB=88
7307,-1796,6411,15425,-11571,12082,-7990,-6253,7649,-14572,-14655,-5907,3505,-884,5754,5598,860,15437,11122,-6485,-8286,9641,1836,-9559,4273,-145,-13267,-13934,1539,-7113,13574,5813,-1912,-7152,2557,-3165,-6185,-10527,1629,6616,7557,4635,9374,968,-15094,-3947,0,0,-13025,569,9815,7698,-3556,-9376,0,0,0,-13009,-4640,1772,-15620,-668,0,0,0,0,0,-7153,-8516,15944,11560,0,0,0,0,0,0,-7765,-7224,1855,0,0,0,0,0,0,0,0,
12369,-7180,13742,2514,-5014,-3786,-3977,-13063,12036,-12695,-12137,11249,15023,15491,7832,-7899,11090,-1928,-7250,13144,-9165,9684,-1758,7493,-5364,15835,10924,11252,1853,138,533,1345,-6585,-12773,-7663,-8044,2244,-14480,4249,-8140,4366,12411,15242,9290,4904,-11940,-8831,0,-1191,-5404,-9879,11785,-3814,418,3261,0,0,15672,-12094,-8400,2065,0,9647,0,0,0,0,-13066,-1510,7265,-10146,11420,0,0,0,0,0,-5213,-7704,10037,-7754,0,0,0,0,0,0,0,
51,-8398,-15622,1430,-15990,15501,-6276,10732,12125,-13280,-15779,7690,-13614,11778,10000,-8370,-9353,3554,13054,-15169,-15369,-2917,-8038,4577,-12281,15312,-14503,-5858,-76,11009,15206,11448,-5864,-12619,13175,-864,-12020,-11351,6757,10910,10450,11529,14001,937,9076,11424,-13162,-10199,-2716,13611,-8164,-8569,7565,15703,15488,0,0,13071,-9758,-15602,7145,-1320,12835,3261,0,0,0,-2939,8276,5567,8434,3685,0,0,0,0,0,5446,670,283,-8618,11420,0,0,0,0,0,0,
1553,5610,-14558,11796,9672,-9237,11384,-8621,-1473,11567,-8967,-1985,2551,4428,-4021,7649,1142,-7199,-10180,15507,-70,11325,4245,1947,12867,1199,-7356,12706,-15538,-14413,113,12525,-991,-11815,11410,-10858,-9165,7677,-2142,-4141,-12105,-1085,-15077,-12427,-13599,-7118,-9951,2968,-2887,-9018,-14418,6994,3367,4722,5402,15996,-14224,-1254,-7541,119,-9780,13301,-9906,4482,2066,0,0,-5073,4067,10771,7193,13882,-12768,14100,0,0,0,-14058,3844,-5910,15066,-1502,-13995,0,0,0,0,0,
-8014,7229,-4024,3227,842,14970,13495,10723,-7983,14876,14701,5673,-8622,6208,-13253,-1649,4753,3931,-13926,-10533,-9783,15911,15249,5224,-7008,-3285,14230,-10404,-12502,10452,-3746,-847,1159,613,15313,-3275,3441,-6284,8150,-219,13257,8780,-8942,10661,-3841,-13448,7324,1210,12440,5597,-4228,-3775,1988,2230,-13649,-10668,0,9449,-9934,10177,-2360,-10661,10587,-15745,0,0,0,9477,-4352,-11255,-10727,7601,-15378,0,0,0,0,-10953,13948,-10251,3327,8285,0,0,0,0,0,0,
-13543,-6510,-10519,-10089,12427,-12186,7246,1851,-8442,4875,14103,3324,-1133,-8234,12487,4395,11942,10253,6548,12057,5688,10172,8497,4315,8925,-6589,-9593,-13279,-8222,-9905,-15653,-766,-10777,13617,13127,10180,-10470,13851,-6811,-8340,-3504,8756,11055,-5475,2694,-11842,-9737,-644,-5335,9529,3714,976,-7677,-9809,-10235,-15768,9182,-15623,456,10571,-13323,10639,-3631,10200,11345,0,0,-11906,13365,14057,10171,14833,5370,-522,0,0,0,2420,6044,-7199,-4384,-3608,5495,0,0,0,0,0,
-12237,219,11529,5050,5328,12950,1323,3818,9609,-11422,-10750,-14739,-5475,6016,-15694,6940,-14534,1707,-4607,15388,-3921,-4063,-9772,-6971,1136,3144,520,-10868,-13965,-503,-5175,-8435,1795,-10126,9927,-9392,-14213,-7857,8420,-12038,12783,10529,-12574,-12181,-11826,1660,14833,15311,-4664,1943,13939,-11179,-9285,-5773,-12240,-12808,-1090,-14536,-11369,-697,-11203,12459,9187,-6543,-9151,14679,0,5237,-7625,-13874,-12230,3655,1329,-4139,12496,0,0,-11561,11970,8480,11874,-4424,-6259,956,0,0,0,0,
-11229,-13155,6007,-1053,5483,11407,-172,-9946,9553,-13146,7036,-11909,11562,5156,13895,3752,-2368,-2070,-13634,-1926,1393,-10542,10854,-10521,15473,1758,-10227,-5417,-9095,-1951,-4575,-9810,-14893,-7900,4895,-15452,8354,-11283,-14716,5425,3873,-8366,-1008,-6853,10406,-1554,-8466,4116,6685,-2933,4368,14504,10516,-4167,-5816,-14163,-10437,14108,3345,-4480,-5933,4813,708,-13888,-3320,0,0,10422,-12789,-10832,10164,-7825,13340,15453,0,0,0,12624,-7057,-9676,-185,6561,-6149,0,0,0,0,0,
-2718,-13286,-10798,15327,1091,15584,9954,-3224,5462,14880,9607,-10394,-5412,-7157,-6875,5377,-3239,15858,-6976,805,-11563,-4639,-6603,-14943,13914,-3608,-8824,5262,-14022,13500,15644,-3007,15360,-15914,5178,9452,-15547,12116,945,-5289,2260,-12193,-15710,-4495,-10877,11003,13113,-15236,5615,-12890,-9852,-6429,10282,-4980,5850,2062,11577,-1041,5203,-8841,2881,14236,9434,13682,13214,-10668,0,3259,2978,-4028,15177,4392,-7326,8088,0,0,0,-1037,14982,-2046,4969,-12857,-2295,-15378,0,0,0,0,
-6438,9913,2560,11588,9351,-2506,-5504,-7425,-8330,11703,8769,3778,2424,-4698,8922,6049,2038,6869,-10367,7413,14919,15941,13564,-13999,-3395,-8745,15328,6897,14267,2650,-1429,5155,-1772,-15393,-15513,-4830,13008,-9144,-13988,7740,-14608,-13209,11170,2880,-13760,-9238,11343,6896,2693,3519,9059,1203,-8410,4887,13544,14481,-8360,9366,1898,-7486,-3652,2862,8948,4421,-13622,-4589,-3478,-15125,465,-11524,-11906,-8207,10790,10339,12528,0,0,-12253,-12230,15270,-751,-14352,1784,-468,12496,0,0,0,
-5065,6320,-4801,5605,8425,-12053,-14151,8212,-6763,13009,5505,-10800,4293,3870,-14810,6496,13546,1736,-15076,7655,2207,1206,10613,9526,4284,5887,5218,-5051,-9502,-9596,10249,-12561,684,8465,-10197,13787,3727,-8375,7050,-13158,14797,14949,6950,11152,9009,-12060,-6255,-10094,-2193,-14935,12482,-4,4837,9817,15713,13846,8422,9438,11020,14335,-15468,2156,-4655,-4465,-12141,-13408,-11810,-15355,-1765,-185,15809,13813,90,-882,13578,-11987,7542,-13753,-10719,-3414,4771,12325,14331,-12031,6563,-7769,0,0,
3638,1588,-5105,11486,9583,14365,-9344,-8149,2507,13808,14308,6071,-14096,14909,4895,133,3069,-7973,-5549,6307,15045,-1281,445,2506,-2828,2073,14122,-12675,10324,14214,-12348,12110,-10634,-11401,8980,12995,12170,-2940,10066,-3458,-6942,15868,-5706,11615,-1110,11458,7897,-879,11846,9694,-10250,-15286,-2674,-11159,13107,-4578,4199,-783,-6492,-7513,4631,-6814,10328,-9093,4014,2950,0,1451,1558,-12466,11101,-10481,8458,5908,3545,0,0,-9525,-13553,-3784,-1403,13055,3118,13007,0,0,0,0,
-1346,6843,5444,6146,371,15136,4688,-5019,1362,-6953,-6041,240,-4689,5992,7228,2275,14726,-668,1909,2096,276,-14380,-10529,1812,387,7086,-681,-11542,-1670,6254,-2045,-11108,8895,2842,3710,-1480,-8081,-434,6534,-5649,-3351,-4942,-4944,-15345,-4919,-7871,-1084,3701,8850,11407,4787,9600,-8256,-10821,14612,-8195,1562,14617,-11585,-426,14601,6367,-10002,6296,4395,-7350,-11167,-12584,-4202,-1407,8689,-4938,-37,13156,-13784,-4408,0,8036,10857,-8195,-9259,-12548,10478,14548,5701,0,0,0,
-15511,15029,467,-6691,-11244,4984,13060,-1111,14657,15909,12322,14532,-15368,-4911,8119,-8457,12764,4958,-13244,-12071,-12123,3057,1389,-113,1184,-8222,-4407,8756,-15713,12558,10194,-12337,7745,-12526,-11511,-14913,-15016,-15518,7946,3743,80,10030,95,-10446,9137,9935,2126,13441,-13784,2959,2098,13179,2809,-8523,-4056,14430,4249,-5567,14431,-11238,-1827,5175,3652,3825,-2718,10258,-14441,-5983,-5552,-5112,11772,-15184,-124,-8267,918,-12216,9983,5954,13679,10128,-8109,11116,12631,3353,-9149,15153,0,0,
359,3115,7414,-5279,-8370,2380,936,4853,-1208,2252,-11120,-15550,-11555,14034,-1788,-7756,10826,-6586,12034,-11413,7936,-2147,-8159,-10999,270,-8339,-3174,13872,-14435,-15784,-10977,6316,-10119,-13445,-6084,-5728,-382,9971,13653,-6876,870,-3407,4108,-15290,-12509,5767,10907,14776,-11328,-715,327,11459,9465,-6485,-2463,15571,10418,13911,12097,-6649,73,12434,8151,3689,12084,10044,-5599,9552,-15631,1970,-8366,-176,-13410,9415,-7109,-14381,12835,-9005,7907,5376,-3081,-7985,3157,-3115,7612,-1567,-1720,0,
3990,-14378,3909,-7245,-12472,-3696,-3576,11707,-1964,4847,-4203,-10549,5505,10136,2084,-4284,-1678,-10046,5759,10024,-14716,14988,-2048,11204,-7157,14891,-9501,1867,7986,2358,14462,-3633,-13413,-2837,-7707,-2088,1075,3034,15789,4384,-4346,13699,1738,4503,6158,-12886,11632,-5534,12646,12639,1749,-9385,-15946,-8394,-4699,-3399,1846,9460,-4182,376,6412,-15148,340,3198,-14560,4454,1921,-4386,-6338,-5217,-10783,722,-13149,-8272,-10,0,0,1370,-9634,6084,15703,3883,-1547,-7721,3545,0,0,0,
-13306,2677,-879,10192,10589,13011,-2228,-11153,-9321,8416,15096,4602,8615,1189,13993,1088,7061,11096,-3410,-1462,-8534,9599,12173,5845,11,14197,-15552,-14558,-7322,12141,-16014,2615,9397,9477,-13290,-11806,3279,5182,3544,-10430,-8906,15359,3020,9401,-15309,12967,9915,9370,-11190,-2635,879,-6561,3002,6050,-8812,11385,-13167,14650,4423,-12304,-15566,-8049,13955,-9619,12535,-10180,-7377,14985,-12993,10740,-2995,-10197,11212,13432,-15280,4188,4067,-15262,15446,-13844,15577,-5694,2286,-3785,8209,7536,0,0,
-2711,6901,-5984,-9316,7037,-1631,-1698,8072,3986,360,2613,10675,-3659,-4168,-14959,6642,-2633,-1271,-13007,-5935,-4756,9889,13804,3541,-1962,-2614,-8122,-15133,6750,12477,10710,8373,-9315,-14676,-8460,7086,-3448,1971,3039,-13911,1117,7530,10462,-2572,15829,-10432,7948,-3214,-12121,8531,-7254,-3710,7144,11980,619,13600,14903,-1890,13830,-9638,3665,-5520,-35,-6613,-9768,-9103,15218,6673,5717,120,14618,-13400,4174,6060,2986,-9548,-6267,9967,3824,-7145,14672,11912,6858,9450,3327,-7432,-4408,0,
-254,-12842,-13253,5515,-4652,2975,-15551,-1603,4873,-12724,14682,-4121,-8770,-1589,-13488,3581,6495,-6446,-14657,15784,1814,10384,7934,11015,-9519,-12898,6767,7776,7218,6524,12373,-12204,2623,-4043,12955,-9118,6531,6518,-15775,6295,15957,-8179,-3354,-11291,-14194,12096,-650,15123,13078,-13978,-5569,3207,6215,820,3559,-1155,-12630,-3803,7092,-9980,5430,-2507,11024,-6797,-14924,9209,1709,8456,14185,-15945,6151,-1656,-13672,12538,13075,8524,-8285,15165,3436,7620,-2452,11196,-8229,13850,9376,12906,1052,13760,
8144,-8565,5989,11792,3011,-9380,-5916,6173,12346,-9047,-2441,-10151,-10814,258,7226,2205,-8361,-5585,14396,2740,-13467,137,-344,-4591,11303,5410,15071,8060,-6740,-6491,-10067,-980,7527,15411,10888,-11854,13775,-10644,-8912,-12333,7759,6423,-9140,-15452,1978,11995,15140,9332,4406,15465,-5782,-279,-13966,-50,15952,2644,15064,5121,-8812,1165,6377,-3272,-5406,7135,-9948,-13121,-664,-5737,-10283,763,11463,-5762,2836,-12927,-879,1149,-8266,-3269,13148,8321,3947,-10266,9078,1547,-13694,12954,-10823,-12222,
5762,10276,12633,14690,13554,-11713,7011,-14309,14309,-10514,6992,-9154,14891,13408,3760,-7536,2490,12417,-14792,1260,9801,-13168,-826,12222,-10741,-3032,8027,3830,10115,15665,15890,-5585,-6646,2714,11210,-11183,953,6135,-529,10457,-1762,2449,-11388,10220,5524,-9573,9586,-14248,-929,-15750,6747,788,-13272,-10450,1091,-14073,-13196,-8765,15666,-5621,10458,1742,12213,7430,-15766,9229,-2884,-15498,10760,5635,10808,7611,-14765,-3310,12176,13121,0,12623,-2466,606,7386,-7550,-14034,-7848,-8369,0,0,0,
-2866,9393,11970,2560,15619,11663,-1822,4890,-3238,5891,-13248,1115,-11102,3933,5129,-3632,-595,-4470,12839,-992,5788,-11807,-10672,15453,3430,9050,-3684,-10098,9961,15066,-3139,-3297,12067,-7528,-10727,-10502,15489,-6019,-1932,-8202,12435,6081,15048,5524,7847,-1210,-2100,-7584,-4490,9287,-4133,-5866,-6881,2250,-3514,-8996,-1596,-10805,-8572,5974,15992,-12613,13789,3927,5145,6563,8690,-6149,11011,14521,-13906,11856,15079,8066,3788,12290,11192,904,-9178,-10326,1259,-2407,7245,-1923,13923,3197,0,0,
-15798,1203,-6086,-6127,-3628,12930,10137,-13374,15793,3496,-15473,-9955,118,-10448,-4941,-12541,-14221,-6932,-1727,-7748,14952,-8210,-7901,-14536,935,-11580,14800,1757,4405,-9550,13282,6433,11908,9994,3833,-13506,14557,3434,780,-22,6057,-4489,-15522,10507,-9842,3711,-3001,-13478,15091,6510,5040,13365,5608,-12245,-15735,2868,5264,10553,-10468,-10302,5002,-12028,-11068,5312,-14842,15295,7971,14995,15724,-11488,-10421,-5622,701,13504,14742,-9336,-12442,2247,-12033,360,4315,9627,-7938,3419,457,7031,-7012,0,
11899,-5518,-13654,11476,-2566,3025,-14631,-7791,6161,-3095,-1237,-13714,6890,-10020,1124,13909,-3575,6810,-14443,14150,-5368,-15588,-9270,-11147,-3927,8390,-1125,-14379,-2179,-14249,-14906,10795,10646,10253,-6015,-9419,-1533,13200,7154,13851,-15642,10318,-8534,-495,-14214,5708,6729,-5903,11668,7858,7927,14308,589,-4469,-15201,-4737,4932,13027,4614,-8035,-13792,11181,-15766,4573,9971,-5536,1777,5095,14677,-15134,3492,-3001,12208,-9708,13333,7521,-10101,324,3263,10010,8710,-15122,-910,12458,-5840,5986,-7338,-11213,
-7863,-5582,-10498,-14000,14248,-6024,9123,2984,2291,15390,-2658,13795,-9325,15378,1453,12641,11688,-8161,-8760,-14646,8843,-15757,15240,-4923,9923,-8873,-9777,7503,1767,-4071,-468,-7926,13979,-3730,-640,-6968,11127,14940,-8894,-4108,-6534,-8927,-2476,6979,11280,3388,-12650,-13820,3888,-11605,15266,10118,6969,12127,8258,10183,-14854,4051,-8319,-8838,-9803,11005,2265,-15295,5518,11611,-6765,11140,-1259,5095,189,379,-4243,7326,-1535,5552,7546,-6927,-10369,-9109,-3744,-10514,-9682,12840,3289,10036,-6548,7507,
-14290,-9724,-2134,5780,2786,-12197,-8610,15775,11295,6579,-3270,-5790,13826,-10005,-2486,2541,4407,-2431,3622,2922,-11204,2353,14562,4076,10993,-5227,7402,-3930,-3552,-3064,8738,3522,10749,-16004,3675,5029,726,1856,-3192,1607,-13567,-5395,-4594,12886,-14888,9409,-13828,117,-13228,-3541,13178,588,15804,11355,-2852,-12323,1764,15057,10947,12657,9656,-1298,-8735,-14912,-10145,8709,14720,-14789,4825,7715,4273,3075,12358,-7445,13797,6490,15636,-14939,-680,14912,-9365,-15263,7672,5475,9631,-12296,281,-9731,
-2132,-13712,12871,-5020,-14590,1291,-8332,258,-10910,-13682,-10371,-14676,8076,-5970,-256,2009,-15195,-2027,-10806,-13170,-5760,-14380,4261,8098,13649,-5433,-5729,-13744,-8525,12787,-12775,3725,3271,15091,-233,-14353,10258,13628,12540,-7373,-13545,6328,-5841,-322,11400,13526,-6332,-15376,-7452,-13636,-6437,-8947,-3084,-1586,-7190,8095,2325,-313,-3098,8945,14391,9840,12822,4929,-7131,-8940,-9379,13447,13720,-3653,8604,12512,-8429,15020,10988,13894,13483,13366,-6193,-13871,8445,-13274,-5934,12812,-9662,12223,0,0,
11794,12111,-13797,14939,15841,-14946,9832,7412,-39,15165,-4014,1007,13134,197,-7480,3731,-7996,6168,13077,-8267,12127,-992,-11113,15778,7463,-10800,3987,9781,-3916,-14016,-9710,-649,-12289,-9193,11202,-1305,-15137,-7367,13813,8165,5507,2558,-6705,-2264,-13991,15060,15184,-7008,-4720,-12119,-13476,-14000,-1310,2133,-4796,-3286,13158,-12586,14923,9619,6612,0,6414,12071,5737,-12568,-3533,-7598,15685,15501,-14501,6484,-1087,7770,-10173,11493,5354,3968,11341,-1168,12422,-14537,2608,2918,-14417,-15998,13121,0,
7067,-3265,-10885,-4447,-7690,16014,12075,15670,-15302,-9316,1999,-3331,-7230,-5415,14688,-14035,15200,14254,6413,3358,-10191,5601,-12975,-2885,9302,-15217,-3501,-7021,2412,12042,-4533,-12355,12044,-12107,2595,3675,-15927,10877,-1798,-7548,-3823,-1088,12163,-9459,3884,6652,-2344,12504,-5618,6814,-10274,4165,-7379,-3840,3239,-14097,8426,-4898,14746,1252,-15182,-10926,13918,13046,-9451,14545,-13984,-1382,8003,-5691,-310,11633,4395,-1312,-9154,-13774,-5046,-4841,3499,-8413,6432,15741,-5207,-12052,8580,12760,-4813,-7690,
-8479,-11051,8963,12980,-963,-6379,-10366,-15454,-6052,14893,-13922,10710,1689,9342,-13123,-11622,-9056,1131,-14284,9073,14823,8744,-11233,5933,4161,-5274,-15826,-11473,-1542,8361,3289,-5355,262,7217,-1871,-6496,-15368,2525,-6939,15451,-14112,-4663,10996,6776,11153,-6056,4113,11134,9629,-891,616,-2791,-11226,-7469,13182,-332,-5575,418,4904,7561,-4641,8921,198,4914,-8811,5119,7744,6225,10205,9379,14456,-14493,-12413,-3201,3825,-10399,9317,-13767,14634,-6248,5525,-6892,60,2026,13856,-14522,-6431,13491,
-9250,733,-3189,-13832,-3144,12221,8121,-1728,15017,5136,5606,7030,2433,-5120,-4916,-8509,760,-2648,-1645,-15868,12134,8683,4591,9649,-6529,-13847,1482,4434,-5356,10543,4966,-15965,-6960,11467,11434,14329,9709,-3991,4998,5539,6557,9473,11705,-1596,7050,-8752,-12234,-9433,-14234,9353,-4884,63,3247,11189,-11369,-2349,506,11876,14291,-11729,11135,-14754,9529,-12344,5804,10571,-7647,12328,9925,3996,15332,-1895,8638,10626,-5134,-3719,4279,15828,-7268,-3352,-11198,12572,3657,-10247,-456,-6367,7906,-10994,
13700,-13033,7908,14977,-14718,11026,-15548,4049,2249,5896,-10048,-7335,5400,235,11624,4868,2122,-57,-5226,-9656,-14354,3246,2260,1281,-1838,8776,-12148,-123,15618,-877,-6506,-3498,-12424,11404,-5651,54,7450,14168,-14408,-4901,4604,-14212,9147,-3421,298,4951,-6383,-12662,7176,13907,-2416,313,1768,1677,-4274,-7216,9346,5323,7974,-11916,5239,12314,12301,15290,9606,-8029,12939,-6637,-9434,15298,4774,-13967,-11980,-8831,91,1933,-14968,3722,-9600,-8741,13028,-10934,-11530,-5436,-10259,5890,1516,12728,
9215,12320,14905,15437,-5817,-15116,13839,-8545,-13786,3961,-10362,13577,-6476,10337,-3711,-4087,-12901,7116,-6175,53,-7108,-4240,5946,14651,3253,5264,10010,-56,-5128,-2882,-6919,-613,-10484,-10391,9309,-9786,10132,4674,-10089,-7656,-2686,-16007,-14815,9789,2527,2800,-10382,11112,-2035,8937,11439,5304,13688,-10633,-14724,5403,9695,-9794,917,-2826,-561,-2360,10563,12958,-2744,-9945,-11198,-8202,-6790,-2939,-552,15401,-9066,-2937,-13552,5072,-2120,9000,-15945,120,-14534,579,11006,5228,8258,1591,5197,7207,
-4254,6199,5063,-12078,13037,-13602,-12881,-3008,13829,-279,1027,-9343,11745,5598,8918,12447,-7720,10988,-9732,14130,7815,15477,8753,15894,12460,2704,15449,-13669,-7946,-4116,10432,14172,-7001,12565,8163,3204,-13297,3499,-8251,6096,5403,15457,-14431,1644,-15201,13039,-4697,10273,859,7520,-15030,-6569,-4996,-12871,-3508,6090,9637,2285,-926,6911,-4594,-3570,4388,-12738,1837,-2436,-5133,7451,-15645,15212,11832,1180,10844,-3269,435,-5976,10849,342,-3464,13763,-517,-3627,7087,-13672,-13161,14670,-6588,0,
9959,5902,-8224,-4536,14272,-12515,-5083,3187,6188,6030,3603,-12085,-5583,10465,2939,-254,3062,-4318,3325,-12001,-4173,-4423,-10630,-132,12788,15362,-8278,-13202,-14877,15086,3150,11219,-11165,15737,10691,-2059,-12033,-15958,-6388,8579,10489,10553,7722,-14257,13959,-308,-120,-13729,13841,-9707,7949,-13133,-15164,-14754,-6990,-10669,13313,-11468,11575,-13475,-9006,-3702,9636,-14372,12041,3049,6697,-3047,-13694,-1962,13393,15524,-4011,699,5548,-14902,-6816,-2712,-11300,3703,-14468,-2565,-1214,-1263,-7551,9474,-9,6840,
-7583,15510,-14409,1276,-221,-13276,12282,2551,5637,-11796,-12487,4017,8559,11215,-10293,8956,-2286,15274,4990,12885,-7884,-12400,-810,11334,7447,-9089,-3009,-7385,6668,-4669,7509,-12271,-10562,11968,-14463,12596,-10972,-15192,6973,-3032,12026,-4857,13123,4293,15600,1972,11934,-10414,-2533,6395,-1214,15398,-14998,5976,-11260,-7394,-6621,-1765,-2101,342,-723,12356,-2147,-15247,8281,7816,465,-7101,14143,1024,7604,12818,-6795,-8613,15302,-5028,5783,-13413,7316,-14617,-9533,-14896,-14803,-15603,-10288,12724,-11876,4079,
11767,-7370,13388,5236,9302,-14450,8673,13084,7389,15998,-8416,12100,-9198,-5258,14519,5548,-5349,-9093,-12360,12682,-5836,-5031,1755,1531,8921,-14360,-260,-13764,-7681,13833,15050,-7717,9001,6092,7110,10334,3879,344,7907,-2472,-2310,-8219,-13966,5499,-15279,-6465,236,-7148,-4119,-1911,1128,10008,-7859,14567,-1009,1529,-1919,4150,-1682,-8097,-3197,-11348,-7256,7572,13453,-3489,-13286,-15646,-464,7932,13780,-13335,-4276,12841,1176,-2111,6415,11632,8072,-1639,52,4587,8888,-5391,4651,10312,-8732,12510,
-3751,8799,-5377,-7644,-10938,-7172,-3753,6296,15648,-3192,9391,10002,-1559,-1409,11034,6187,-13009,-12098,-2374,2474,8650,15532,-3104,10630,-2336,-2494,-11052,-5251,-7422,7221,2022,7599,7448,10554,14606,-8874,13960,-7252,-13744,14895,-8294,1855,-12459,5930,2760,9492,-5408,407,7324,-1086,-14506,3475,7387,-6342,14367,3821,-515,-1950,4798,-13342,4935,-10414,-10323,-14673,-14538,-2946,9959,12307,-13366,-10586,9327,-13343,-12400,-3350,1825,1821,-13304,8295,3823,-13297,-15540,-7951,-3952,15288,3197,-4808,2176,-13767,
5799,3742,2974,3723,15919,4691,-1792,12927,3940,-1357,10110,-5676,8136,509,-14571,15429,13964,-12649,5477,-6095,970,-10969,6814,-2027,12720,-9704,-7128,13560,-6252,-12060,-9108,-10125,-13119,9495,1818,4347,-11338,-12974,-6662,-7655,12879,15486,-2341,3141,11003,-13194,-6779,735,210,-5735,7105,-12539,6434,9865,-10491,4036,13881,-7435,-6820,4590,-7910,8497,-14135,5255,6364,-1004,1927,4746,12319,-3653,1660,1521,11669,2983,14557,11785,13758,4548,-9347,3412,283,10760,-13052,-4964,11269,-7902,11245,-15149,
-14959,-8864,-15217,-7948,-766,8056,1964,11594,8297,-13028,-11137,-13693,-4253,11447,2034,-7837,-14517,14999,3588,7653,4503,-11237,15601,2319,-1666,-1979,-8459,-11745,-10224,2829,1826,10557,7408,-15232,-6145,15732,-10098,-695,13466,-2696,12539,-6683,13655,-14226,982,7073,-10505,-12399,11933,11695,-7763,10614,116,7622,14441,14063,14444,-13139,-1399,-11584,-14790,-14760,8155,7696,-1983,-6334,4960,-13935,83,5782,17,-12129,-7273,11929,2585,-4065,5,14024,11484,-8601,11033,-6085,-8600,-8590,-1935,-2071,-6781,7966,
-5116,9733,1963,7207,-3318,15814,-10817,-8424,-2606,-6290,8529,-3679,15672,-11313,2301,459,-15772,114,-12513,5982,14393,8880,7899,14526,8123,2611,-13465,297,-9632,10320,6411,15064,-13381,-7909,9466,-3610,12206,7316,2590,12387,8543,-7936,-6079,6277,3198,-485,-7573,-1948,10866,-8372,1774,-14023,10381,5978,7449,4541,3450,4355,-15369,-11152,-7947,-12493,-14300,-9846,4645,-2362,13522,12501,4288,15996,-13658,-2697,-9114,-10601,5850,-11115,-4558,14291,-5456,9400,-3975,-7233,-2151,8630,-15175,-10738,7166,-881,
12921,-14017,-68,-12033,-7940,-14303,-14392,-10959,4251,7962,-15542,13307,1898,-4861,-3497,10489,7225,8788,11197,-11900,15175,13793,-2162,-6112,-10492,-14668,-11526,6865,8548,1312,-540,-3379,4340,15304,-13394,11868,-14560,-13238,5217,6821,-273,13234,-8924,9976,-8917,8298,825,4574,8992,-3629,-10278,-2846,9406,-2848,9392,-11973,9503,10518,-14129,6527,-8944,-374,-7102,6014,-9822,3699,-3007,15210,-6007,3426,-3572,-11555,10359,-10355,1043,-837,-6496,12634,-4112,-11836,14395,2190,-5328,-5078,6089,-11928,-891,-15963,
5824,-3147,10855,-13242,-14202,-604,13479,-13410,14739,-9458,5186,1258,-13845,8764,1853,-12937,15498,-14776,-2551,-11585,-11604,-6397,-7546,-12687,14548,-13757,13148,-6687,-14638,1555,-9878,-2537,14604,-6003,2574,9341,5547,1022,-8219,13252,-6310,-5049,-681,12547,-10154,3273,2384,-479,-2238,3995,14366,-5669,9099,12351,15018,7208,-7333,-12428,-14896,-2411,-9328,-2735,-8064,5333,-11670,-2428,-14053,1039,1098,922,12414,-3387,9391,-9281,300,14603,-1258,10156,-4957,-11095,9131,15755,-11029,-975,-7404,-7807,4830,-1978,
13598,-1287,-13682,-9000,13383,-8245,-15316,-6380,-8602,7482,-146,-5187,3262,-4471,-9026,-13914,10961,-9405,15635,-10912,-13253,11307,-5955,9292,-9202,-760,2395,-11046,-5695,9038,-12894,-12172,12566,15854,-6923,2313,-1968,5422,11105,-10218,5569,-15407,15971,7538,8962,11036,-1207,2239,-9584,8103,-10488,-13768,-13117,13653,8485,2035,-865,-11784,1931,-11611,12022,8744,13434,-11527,-11269,-12305,-9668,888,930,4197,-9116,-7641,-12691,-2880,14537,-5602,-980,-2825,12454,1247,-14826,475,2647,-9277,-12692,12619,8432,3955,
11731,1634,-12363,4600,-5010,-6852,-3338,11374,5455,13319,-11907,-1082,-7337,-3705,7142,-8705,4261,14077,13420,-15116,-6309,6826,7287,-12047,13453,4136,-9365,-9111,2652,-12399,-11113,11928,4456,-15654,-9960,6357,12548,-6511,727,7172,5027,10525,1490,-8306,-15842,14562,-11284,14641,-9779,-14159,15664,-7342,-9990,-14302,-10152,9895,-11180,-1475,-14415,-14348,-13800,-888,-15314,13163,-9784,8764,-13113,-6923,301,-10577,-4818,-11312,-6993,-13601,-11656,8665,1166,6937,-1140,-6900,10301,3655,-1419,-12463,-9457,10568,-10938,7378,
-8227,13323,-13511,-14194,7973,-7266,-4977,14984,374,-15591,1645,-4961,-8546,8915,6513,5870,-11163,-6472,-8810,9412,-15781,-4049,-2598,-13483,14114,10909,-2566,-7434,1480,-7302,-10279,6524,7314,-12042,-15185,-5927,15090,12059,2593,11980,5779,-7997,2772,11117,-11500,10980,5874,-4768,32,-10533,-6785,15001,-13213,-15718,-4047,14273,-7495,-8396,13568,8587,-873,2436,10721,4509,7687,3440,-3601,-1963,13562,-5046,2901,11996,-13214,6519,-3939,-13538,6192,15822,1337,7024,5633,-1213,-1684,-8715,-9591,-248,-13711,-1089,
11144,10749,14797,-6778,8538,101,3515,-3583,14746,9982,-9329,10111,-3016,-15364,540,11181,6148,-15162,-6551,-196,-13882,13414,-14369,8804,439,14426,-5207,-8178,13038,4582,14864,13058,-14672,-11342,14128,-7244,-3346,11377,10037,-10993,6981,-2980,11560,-15648,-5742,-11151,7368,4917,4340,-5238,-14868,-13106,-6182,7710,-15219,-5188,-15532,15080,5250,-13607,-8644,-13213,-1934,-4588,-7470,-8784,-13960,8979,-2066,-6290,8219,13708,801,-6174,-11040,233,-8573,-11349,822,-15810,-2916,639,-7333,-7487,1829,-9171,11741,8522,
-3052,-11712,15238,13473,4270,501,-9768,-7382,2764,6696,649,-6524,11453,11344,10101,-11438,-10914,12670,11583,5455,666,-13649,2130,3415,331,3829,-12243,13906,-13217,7846,5492,14154,-15828,-3222,-1047,-2757,-8697,-8873,-13153,-6918,3495,11295,2311,-12854,-15059,-4114,5244,-3919,-7975,2409,-5820,-3484,2010,-13500,15042,-10226,-6028,-8056,15519,13139,5504,5651,5381,-5737,-15790,-7427,-8230,-12209,-11241,13066,3716,-10070,4641,2938,3850,-1987,-13472,5696,-8960,7389,631,-8352,4655,544,10846,-11364,3975,15119,
616,11078,-11564,5554,535,-4447,13680,4835,4101,274,13645,-3019,-4923,-11244,10100,-890,2235,-10240,-4537,7192,-9004,7309,1646,9733,9227,-11110,13478,-12799,-4334,10513,-11874,-5937,8751,-15305,6298,14559,-2694,1999,-1292,-6673,-4656,2341,-4949,-1179,-5119,-13167,9969,-10434,-5625,879,-14781,4972,13417,-549,-10313,69,4510,6196,-13577,7732,-9969,5518,11841,-10679,-15148,5487,9060,-14019,-13029,3135,3674,5190,11547,-1658,9253,9481,13922,11627,-4932,1541,5847,-4228,-10999,9626,10126,14217,4754,4994,
14812,12579,8423,-3204,-9738,11324,-6061,-7595,15241,-3610,-12846,5247,-10002,4962,-63,-4168,-747,11059,-8901,7673,10090,-1533,-7244,-1877,-14826,11759,-10746,3088,-4435,3059,3035,-1300,-14700,-4522,-11893,-5620,15069,-2540,10862,-2499,7074,-11254,-4970,5834,-3890,7622,5102,-6481,7884,-6630,-12905,-14519,10427,2157,-5419,-13991,-14352,7579,-15425,4739,-5562,5271,11191,12478,-11211,-5680,-12337,14741,6860,-13494,5888,-5009,2665,7115,12986,-9691,851,10660,-15900,-15977,-2662,7614,6389,-655,-2047,-904,-467,7921,
-15490,-2491,-13253,-15034,840,-4979,1335,-4601,8165,-14841,-3520,6232,8351,1624,-14067,-12203,10432,-14525,-11811,-2330,11202,2907,6164,12870,5710,4886,4789,-9662,13565,3891,-1811,-10996,14330,1526,-261,-10176,1177,1337,-15682,5272,5256,-14479,12821,2787,10122,1202,12640,-13630,-6622,-6501,8137,10611,-3869,11276,6559,5976,9710,11206,-10749,-2709,-4203,3149,7556,12254,3419,10504,-15765,-9129,-10830,10918,7033,1330,15853,-15771,14663,667,605,-907,-12433,310,9696,7001,-9188,-1004,2816,1078,4840,5675,
2233,-5547,4718,5720,-11872,2690,7416,-8204,6912,-8885,12851,381,-4964,-5610,-15241,-8491,-1164,-3406,5074,13394,13945,-10422,12974,3640,-6178,5405,2955,-935,2209,-2561,4176,6842,-12687,13360,-2946,-1,7360,-897,-11399,-4824,13971,-3654,-4789,-10016,-14047,-13090,-6101,1636,-14396,-14599,-8418,-1788,15416,-14722,-8290,7316,8740,-15860,1727,-8872,-2744,1250,-6508,-6407,-15060,3986,-1511,-1126,-15385,14312,-13291,9913,-1583,-4278,4573,456,5707,-1403,5935,4452,7213,8930,1018,77,12958,1278,-5183,10064,
1777,7676,-4177,13906,9676,3231,-10794,11235,-11543,2046,-13803,-12865,-3303,4379,12487,10396,9576,-11443,-6780,15851,-5076,9506,2025,-10234,11642,-11544,7418,15408,10093,1761,12206,13998,2358,-8981,3478,-11498,7211,2278,-3416,5193,4703,-572,9778,2635,-5615,2253,-10293,-8731,13639,1273,5393,10219,3642,14439,-4206,7069,8062,-272,-16006,1036,-9768,-14570,-831,3264,13493,427,708,15383,-6002,-8047,7753,13042,298,-5885,11782,2590,-12369,-6322,-4216,56,-2509,13762,-1999,-3581,11227,13087,-14179,-12584,
-4959,7320,2073,12860,-1702,14963,-4325,8142,4064,-3399,10073,454,-13725,2157,-8279,-5507,14077,-6420,-5932,-7547,-9927,-14706,5465,9002,12506,13451,11974,3375,9652,-8074,-13689,7604,12776,-8634,11614,-7251,15693,-15989,-1248,11902,6332,213,-4552,11191,-13892,8598,-4170,-15149,-6054,-34,10085,-6995,-2199,-15948,-4620,559,5951,7195,-6811,-7720,-9796,-12774,11851,-5479,2458,-249,10505,-3996,-11253,-2448,8219,-7488,14256,7652,4376,-8772,-4919,-11400,-3618,-1919,-9266,5359,13332,3369,13485,-983,3468,-626,
3265,10633,3235,8679,7359,11340,-9753,12878,-963,-4493,12769,-6944,3855,10615,-8213,-13407,-12258,-11476,-10547,11282,-9503,-3975,755,3298,-3136,9367,11809,14964,-10377,-4443,1591,-15771,9878,2029,-8549,6882,12683,-14349,6606,-11157,-6647,1912,11139,-4378,15844,-13646,4527,-9651,4953,12820,14773,1325,-1947,-9719,-9037,-2588,-11804,554,2472,-14420,10428,-12733,9310,-2431,-5240,-550,-329,11426,3985,3478,-10969,14766,-3445,12009,-6033,398,413,2983,8653,-2060,2375,-14735,9360,-9770,-7339,18,12374,13029,
12845,-4527,11211,-6660,-9747,-15547,8419,10129,-6392,-14822,13546,7819,-13037,-9465,4546,8438,11627,-4514,-2871,4569,7859,-6921,-14747,-3082,-15512,-4689,-12653,6647,-7505,11273,-9352,-5031,7064,4483,3916,-3031,-1428,2201,-7547,11239,-1914,14346,-2464,9941,-5318,11756,-12648,-11266,12682,-11917,2535,9639,-3973,-7879,3991,-3306,-4961,-9319,-12521,15248,-4024,-4711,11008,307,4849,15000,2722,-14316,-9146,-5558,1121,2931,3048,12518,5584,-4627,9670,-6273,4248,3607,-7054,5455,-9857,-2031,448,6639,3217,8380,
-2905,14121,3623,-8382,-13058,-15592,-1036,-9907,-4973,130,9787,-11480,-541,11843,-13833,9060,-2016,90,1111,440,2675,2049,-6629,13829,-6630,-9934,-7734,9886,-6965,-12299,8200,-1654,-8734,-6970,-8642,-5888,-14993,1144,7215,-2669,-15921,374,-3848,1852,11875,-12960,-8443,12878,11985,7105,1801,-13012,-12313,3887,-3631,-10299,4393,-9585,7581,13331,11620,-39,3621,3708,4940,7363,-14225,4750,-1473,-9832,5935,-7737,-1574,13134,-3517,4360,-9086,-13876,15516,1159,2397,-7890,-266,8750,8039,14577,-10172,6165,
-8983,937,8600,11811,9171,15747,-15306,13066,-14247,-11257,1357,958,14949,-10452,-1436,-4857,7934,15815,-518,7959,-15796,5075,-12955,413,-3327,15280,-13362,-4066,14556,-7741,11263,13697,11804,14916,-4179,-12248,-3443,-1926,9449,-8093,-1674,5990,8433,-8238,11104,-4437,-11631,9249,12165,950,-12820,14039,11411,10841,11013,-7863,-488,-3600,576,9335,-13145,-12312,3288,-14092,-9122,-4436,-8709,5622,9113,-3933,5645,-12075,-5588,15600,-3803,-9754,-11079,-7643,-5092,-5299,6865,1135,1103,4313,15272,-9696,7768,-6981,
8176,14418,1277,15383,-9892,-15178,-10206,12717,14187,-4988,15604,6717,7187,3504,-2814,14277,-15408,7679,-10609,-11524,-4025,14674,-2683,5411,4238,8573,3463,579,4764,-12557,-1471,793,2837,-12917,-12908,-4819,15815,-14798,5061,2766,-3197,-5374,11487,8208,-5498,-14451,14464,-12445,-1547,8960,6353,-14722,4751,2021,-1705,-7609,15187,5579,-11266,-15753,-3325,4843,-5993,9677,-4595,6033,-9569,14813,-7446,-10664,9552,-7910,-3604,10574,5743,8531,11343,-13704,14307,-7257,-13519,6432,-14430,2297,7939,5071,-3557,-12763,
-2871,-3079,-14869,12203,-610,-4294,12447,-8183,-10047,3756,15103,-1756,548,-4579,-710,3167,10051,2307,11444,15499,7476,13893,2218,14785,15430,3477,-7482,3575,12562,-7562,2360,-2420,6207,-4078,2646,-11967,3598,9955,-11115,-3194,-8392,5263,1136,-4978,5449,-9296,-10182,-12866,-9329,-15668,13189,-10470,-7021,3384,12827,12107,-11766,-6555,5521,5402,-15919,12756,-11012,11564,-11077,-5629,-4826,-3936,-14301,-11112,-13518,8246,-15303,-14001,-12245,-3563,8268,-15164,-15492,10095,-5177,13222,-13891,6562,-13391,-5106,398,-9788,
-15499,-10792,14882,4681,5461,3311,-9954,-1415,-5943,-7765,-14650,-4495,12525,13042,-14966,4028,-13645,-8974,3525,-11432,903,-5962,2027,4483,-15423,-15749,377,-2025,-11115,-4020,9993,-15493,-12187,9324,8961,15377,-4821,-11237,-12390,-4056,9099,9706,519,-8102,4967,8198,-15191,11976,-3474,-10506,3802,-9419,-2925,-2540,3369,-4195,13792,9186,-9204,-15471,-668,13692,471,8585,10351,9750,14011,14209,6397,-13928,-14525,13563,-8278,14448,-15185,8103,-1406,9790,-2003,11677,1936,-827,-15940,12902,13440,13932,15239,-9672,
2731,13765,-227,-2015,-10735,-9466,-7020,-5764,-2273,-59,5387,9954,-3655,-1720,12038,-1850,-5718,8422,6539,12969,563,-13417,10420,4916,4668,-5996,-1064,10993,2793,-12005,-12004,3708,13424,2498,612,-161,13761,-5005,-4924,-15509,-3321,5265,5842,-5797,12358,15609,-13833,-586,9142,3536,-12698,9735,-9656,10613,-2766,-806,-9487,-3526,15004,14961,8855,-12486,-1852,-5248,-5962,10987,-8281,5306,5375,3212,-7211,-2276,11314,8896,-11116,8111,5690,-1115,-8688,14611,13262,-15053,-7991,-15650,-8777,-5911,-15680,-4614,
15491,8683,8002,2971,-10045,7046,8571,9466,11668,5744,-9505,-9366,-6111,-10683,-6249,13161,1461,11828,-12104,-1864,10992,-3138,8387,-13758,-1662,11722,10655,11624,11672,-13712,5490,3278,-6662,-5012,-2518,14542,9277,-8571,-480,7475,-9760,-1892,-4431,9181,-2268,-2530,2340,-1079,-12760,-4507,-3797,15419,-6037,6466,-14512,15184,10456,4549,-1383,2998,6291,12685,2572,-8722,-14069,-14401,11840,12673,-8054,-1544,6386,7120,13879,12573,-14977,6337,1926,904,6197,-2832,2444,-3909,-1777,6673,-10016,4595,-11590,-9043,
4329,-7468,15571,-5495,-8547,12874,2525,4133,-1360,-5398,9891,-1065,14202,-7013,-15340,14800,-3293,-14626,4498,7413,-3115,3828,-5629,12739,-10673,-11332,-11227,-9037,13137,3121,7834,3622,-13110,-14622,5211,-5929,-8812,-14118,1710,-14994,9894,8404,1192,4638,-14017,12362,-1939,-2994,-14112,4676,-9241,6096,-9302,15858,-10743,11102,3818,15045,15560,-932,11329,4669,3856,-15839,-986,-11752,-6341,15818,2671,-6301,-14977,-1405,15445,-3492,-6821,-7303,-11787,10521,459,12943,2538,7568,-14826,-1192,-9418,11754,13542,-1768,
-12238,-3344,134,-2190,-12404,9751,-5196,-14454,7537,7954,-2341,-10455,7151,12579,-3825,-8231,7698,-3481,-1767,-4521,8976,8259,-15879,4899,-10726,6610,-12864,201,-14839,15913,7747,-3568,-10752,5349,-9044,13087,15197,-14989,7022,5066,-9889,4312,-1632,-14667,2698,8799,-14110,-8957,-15665,-11277,15366,-7795,6846,-3450,11592,5886,-8252,9926,2863,-6866,5104,3643,7988,-2684,2153,4442,-10157,-1162,4491,8745,4420,3852,-6587,3719,-1414,-11751,12892,12879,8135,-165,13744,-8430,13061,-5576,8146,-12112,-9101,10432,
15510,11878,8734,-9609,-4327,11506,8519,-4488,12614,-11911,-11184,-1187,-4945,14859,9563,9487,6767,-11953,-13790,-12740,9313,-3661,3109,11544,-1440,-354,-9353,11033,8818,3542,-2908,7156,8584,-7894,10627,12665,-5306,-11444,-4801,10681,14425,-15522,8830,5237,-7533,8879,-3934,-995,5680,-5234,4869,-14242,14755,6501,-11505,-2794,-12607,-11471,4113,197,-15607,-3379,4656,13725,-15140,-2093,-8246,-3778,10595,-216,2263,-9029,12216,-1053,7460,13312,-2890,1929,-2485,-3342,-1539,12183,-12956,7881,-8855,15129,4961,-3725,
14141,-4741,5979,7295,-11430,-5633,-4502,3855,10870,-9947,-15539,-11434,-9343,5707,6769,11790,739,-763,6465,-2496,-8047,4526,-11052,3043,-5155,14935,9430,2774,-8448,-11840,15832,6904,6237,-760,8997,-6021,10975,-6917,-6738,14233,11329,15776,-9323,7577,-10552,-4045,-3311,-13640,-7969,-14397,-13798,13644,1875,-7315,10940,5145,14290,-7153,8602,10738,7437,15335,-3640,4926,-11722,-935,-13154,9970,-7438,14716,11622,-12470,586,-5061,-13181,-9846,-14386,8045,9044,5233,469,-15277,-3003,-12314,-2936,-2159,13110,3396,
11660,12315,3273,10007,11585,3308,15401,6243,10429,-786,-1591,495,-8828,-8253,-13778,-2811,4241,-2801,-13923,-10088,15563,15701,1861,6804,-11108,3727,5135,2556,8247,13647,-111,-10806,-14268,8002,15360,-8660,-6775,14049,14878,-11269,-5818,-584,14653,14867,1257,1734,-6337,-4584,-199,12464,-15111,-9290,-15725,1756,-5907,13929,14593,5659,-12139,823,1584,564,11576,-13291,-9954,-2490,-8643,1368,-9221,-8031,869,2913,5667,-9957,-15325,-5009,-995,-13564,14219,-801,14856,1997,-5144,-10935,-5821,11540,4309,13328,
-5735,7440,6869,7337,8018,-9225,-12463,14985,-3768,-4709,-1499,-12770,-10382,4667,-10532,-1561,7805,-3064,7501,6351,-3306,5303,4964,-3485,5536,-7367,13687,-554,6584,6304,-6547,13417,4254,-14687,5475,3971,-12445,-10093,-12090,10447,-747,6694,38,-4446,8091,9360,-5337,7423,-6399,-4215,6196,4177,11332,5676,4523,-848,-4882,12574,6070,-12665,-10641,-11788,-8741,-13181,4239,7290,2523,13482,15168,9868,5543,21,-8464,13187,-2965,-1808,-10484,-12292,-15102,-2753,8255,-5030,-15530,5722,5067,-3426,-4861,15835,
-5001,2146,10607,14520,8387,-11856,13434,-12323,-12928,2775,5545,2502,-3017,-5698,4283,14055,-12593,-4298,-1678,-13971,-2704,-8152,-4574,-5860,7545,-12045,9957,-14117,-15180,-12323,83,2747,-11112,-14793,-7338,3865,-11316,606,-13718,15312,-5191,8132,15657,7889,-11451,5333,-6794,-5077,-14161,8694,-1555,-858,-322,-2420,-10389,10993,-6964,7996,9337,7265,7776,4175,-15966,-2569,-3132,-404,-7185,9589,-15712,7078,9145,-9630,11490,14921,-14845,15582,4747,11814,7912,3541,-4887,5374,-11318,10158,8785,-8399,9885,1290,
-6207,10186,5806,8053,-11914,13365,-3761,4554,2692,8096,-8384,-2233,-15615,3676,7016,3873,1492,2929,9999,-11953,15577,7897,8924,1988,-7479,1770,2327,9923,-14987,2779,15852,-7414,11522,-4669,-1273,-12015,8551,8197,11024,11380,12547,6959,809,12396,-9362,12686,-12578,15804,71,-10778,5359,3909,9962,-8051,10314,11280,-8481,15807,300,-11291,-11257,-2176,-14718,7524,-8414,-11165,-6867,5188,-2069,-12680,14726,4178,-7187,-5754,11295,-11061,-3179,15458,2293,-13355,8831,15200,5512,-13022,14968,14753,-5233,-7111,
-1231,9785,24,2754,10534,-4504,-12692,15440,5269,-13807,-14659,-6551,-7193,-6691,411,1231,13467,15854,-8541,-13769,9616,-12564,-4193,-2455,-15474,10713,7295,14870,-11190,-995,-5096,-8215,13759,13527,-2297,-1833,-418,-1867,-15109,-4072,10779,10868,-10746,5874,13931,14709,12021,2651,-8595,6949,11183,-7132,2079,2628,-2764,-14097,-5281,754,4219,-9600,14443,4593,-14042,14914,7730,1623,-9331,-11110,-2868,8418,12408,13954,660,-6619,9816,5344,472,8928,3316,3413,-7009,8090,-2500,-2284,2068,9146,-12815,5290,
4717,-12862,9777,3845,-5078,-13723,-612,15690,11819,14149,8329,-13481,-15303,13592,2550,13950,-8255,15564,11194,12733,-11181,12303,2107,-4995,9116,9836,-6312,-8713,5080,2712,-3581,-5267,-1366,-6746,-7623,-1157,-2023,-1416,1542,8053,-5012,7679,612,965,-8566,-8888,14186,5737,-15952,-3170,3292,3596,-10653,15662,800,-11116,-11438,-14542,14825,7056,5838,4697,-6965,8150,8828,-2100,-2828,7362,11601,-3079,-5601,8736,-8132,-1435,4862,-1414,-4473,-15150,-6370,8912,4917,-12450,707,7710,2720,6886,-5868,-9233,
-11332,-11804,9338,-9145,-2577,15620,-10986,-4919,-8924,11573,-11794,867,10654,1706,-11271,-1453,-14863,2154,-8207,-232,-6257,-15691,-8187,-2965,9273,11186,4355,1000,-4740,13429,11368,2490,4742,-7452,-9947,7930,-10428,11243,8967,-12628,-2549,-14857,11375,-10483,-15188,7887,-1522,11345,-3498,-4902,2311,14413,-11809,-13798,3813,-6008,-11135,-10848,14867,-8581,483,-5844,11811,7244,-1045,-11133,-14421,-12203,-2034,3763,-6023,-8400,741,-10045,-14218,3134,11916,-14219,13606,-3964,-1713,1249,13532,-8617,13433,-3015,-6155,15476,
-15988,12256,-14342,-2214,8490,-3196,-15385,-8859,-14994,12098,-2624,-9519,7186,-1095,9830,-3191,-8275,-6629,-7697,-6137,-2771,-6682,-9805,14960,896,7702,8087,-6588,4959,11998,-7962,-2252,-1052,-2658,15892,-8177,-11857,-11045,12736,-11996,-4033,-10282,525,-15707,-10102,-2265,-1279,-14030,-7754,-6996,-1328,-9114,-11579,-15841,4136,15787,14475,-3804,12512,5281,3147,-4741,-7999,-1415,-15453,-10420,-2391,14651,15211,2349,2749,7477,14454,13970,10481,8605,-5229,-11085,4317,15862,3234,1698,14478,8197,-6919,-3165,6872,-11000,
-2064,12156,-12215,-12234,-13489,12947,8625,-14462,2361,13610,260,-6116,-7582,4524,-98,1734,11852,-6079,12346,7580,-5564,-2651,7476,-4762,-5225,9557,-5871,5533,-7040,-13934,8298,-14080,7253,10268,-7942,-7514,14875,7409,6659,-8899,-6447,-272,-3590,-3850,-10645,-8783,8219,-13260,-7878,4891,9192,-12994,2477,-6584,-2323,-12712,-7684,11775,-14133,5151,-10533,12171,14680,15859,891,-15043,5777,-696,-5538,14085,-10475,6749,-3852,11631,7822,1585,-76,-11010,-3976,15528,15568,-1409,1017,938,7273,8099,14182,1196,
1404,-5233,-3430,-13499,9577,8830,16005,10376,-12110,-434,846,-3373,-8452,-9400,3891,-14758,-945,12899,-15799,-1394,-7189,10159,-5718,-14199,-12697,-39,-5549,5887,1669,625,12464,7932,9454,-2423,10670,-13607,6109,3788,2470,14815,8107,9815,12522,-5269,14145,10635,-15135,9675,-13354,-10065,12151,13800,-1669,11155,10112,-6641,-4076,1746,-1792,10510,13942,-4579,-3363,-15154,-189,-3687,2972,91,-13811,-5144,12150,11696,-2039,-2093,7393,-11883,13164,14487,11722,6445,-7937,11905,6482,5085,-10569,3840,-11763,14792,
9434,-7079,5948,14511,-10743,4925,-2035,-8044,15312,-1861,-829,5031,-15429,9938,11866,5951,-1452,-14958,10793,-11033,-4769,-578,10256,-4133,6992,-9947,2089,-13362,-15379,15926,11702,10771,-11910,5857,-5246,-2459,7832,-8432,15295,-254,-4003,13460,4759,14849,-15233,-9092,-8496,-2433,-14616,-8522,14828,-14382,8065,-15615,-2766,-7418,4970,4461,-9415,-15233,1326,-12701,-5973,9437,4521,-9165,-7031,-8287,7518,15207,10314,10522,4186,3494,12773,-10695,12868,11350,15985,-4530,-2246,10840,-6633,-76,-5448,4634,11079,-483,
-10980,-432,13135,-7520,-12911,-8134,2259,-2586,-5478,-11181,11863,-2717,12258,3611,4275,15799,-14555,-4828,-3446,339,-3069,2347,-13004,14623,-6187,1658,-4153,-12657,13319,-8379,5974,-1385,11570,-16008,-10613,785,8522,9468,-4275,-10508,5665,-10377,8375,-1527,-7049,483,-1425,2177,11308,-8476,1421,5236,-12175,8244,8770,-4145,-7062,8634,-11491,-2485,-14871,14244,5312,-15160,-14542,4145,4038,2304,-8678,-6726,8665,15772,-1093,-6420,-314,14918,11470,190,14616,13200,3152,-3491,-3322,-13155,13044,-7363,12739,13263,
14699,75,-12988,-4607,14420,10770,-5888,-5025,11851,12592,14482,-8512,-3128,-526,1218,3989,1093,8940,9627,5679,-8714,6662,-10783,11386,9304,6853,12367,11226,-4589,-11855,605,-307,9268,4113,4918,-2353,-4473,-9388,6164,-8426,-6080,-11759,15398,-535,-6680,-8423,-8244,-13904,-13463,14623,5225,-9000,-123,10233,-2280,-2255,13089,9801,-14535,-15411,-261,-5277,-8401,-2070,3071,-5031,6585,8687,815,-6663,-6044,-13152,-6289,-9941,-3996,6126,-14971,-3791,-1188,-9152,10682,-5294,-7151,6429,-8489,-14944,4224,-1570,
-9336,14466,4009,-6515,-14483,12935,5862,-4915,-6432,3797,200,12232,-10184,-10744,-6217,-11520,6472,-12986,-2391,-14824,13086,6885,4824,7811,7881,7369,2778,-9934,12252,-13777,8701,13040,-9141,-6042,11492,987,14131,2327,-7821,6131,-4835,-67,7954,-8540,-12330,14557,-2034,8761,13162,-7104,14540,2604,7080,11791,8587,-3045,9927,-2787,-5390,3332,689,14696,-15710,2803,-687,15572,9447,-6285,15438,5754,-9538,4473,6143,-14502,-8194,-11254,13448,-14273,9339,2681,-9002,-3107,-10239,6757,-831,-5946,5117,6665,
4669,2411,3627,14938,-1885,7372,-4240,11156,8390,148,13042,-5888,13982,221,13703,-12,3046,-3362,1416,-7904,11074,6955,14757,8115,-8142,12470,-12232,10598,-8474,686,-1504,-8487,-2506,3233,-4147,-12016,-93,-1679,-2729,-13494,-15144,13845,3286,8777,-2456,-8926,2508,-884,2704,-15943,368,3521,-5964,13521,-2063,-7096,-7997,-1675,12998,-11241,-3599,-235,-7636,10426,9205,-5048,13599,9394,-12601,13560,8422,6903,15867,15910,14651,6250,13873,3541,-1275,-15949,-131,7136,-9353,6086,7742,-11838,-6499,14220,
2972,-15598,12635,-3038,2366,-13613,-9013,-9080,-15672,7258,6239,7610,-13380,2184,7768,-6812,13091,-14207,13253,14579,-15765,-3990,14845,4419,-14498,7719,5120,15355,-1272,-1542,14901,6725,-12457,4208,2578,-7319,14156,-12339,15357,-10178,-15055,-3231,-5173,5618,1966,14780,10012,2958,7437,4273,8639,10936,9331,11280,-9821,1016,12340,-4660,-8782,13755,-10066,-8063,11619,-8448,-8382,8892,8003,-9566,-6321,7917,11844,8981,-188,-9023,-11482,-7791,3,-10116,8101,-3309,-14810,-1972,11551,2138,-1259,4293,1766,-14759,
1626,-7289,-10527,-3463,-5542,-6270,-9340,-13138,-2785,8843,-743,-13349,-13809,-15737,-12279,-14276,-5531,745,8977,12398,6548,13961,12275,-9824,-487,-5320,10984,4925,13132,6867,-9476,675,-12322,12354,-1659,-13854,5729,4518,732,-7231,-10551,-12527,13745,-14888,-11739,4838,15925,-1137,-7119,-12848,6635,-608,-12373,-1130,6027,290,-1858,-13499,6318,-4475,3740,-3635,5057,5090,361,-1084,3777,-4830,-6747,5295,-5263,-12516,6248,-12325,8243,-14441,-4702,11286,10580,2034,-11742,-5757,-6065,-10921,6346,-11444,-4171,-5005,
-3227,-8638,1811,-4170,7423,11807,-5956,-5198,764,-15996,-11119,4934,4886,-10195,-6904,-4774,-12718,14157,67,15910,-5840,-6768,-5769,15004,9005,-2679,502,5142,3490,-10278,-9057,12020,-15419,9977,-4234,11971,-3124,6867,8198,-14297,-1157,2085,-2714,8208,5745,-8960,-13493,13492,-1821,9998,9280,-13352,-12316,-6274,-14982,12539,-1611,-8035,13279,8873,-15085,6715,698,4547,5710,2459,-1831,3898,-13259,-3782,1916,-7389,-8807,8256,5457,-10669,7371,-9543,608,-12762,-1871,12607,-9052,12680,-10718,-650,8747,1404,
-9761,1510,-14620,9612,-12930,7183,-9300,413,-14315,-9724,-9997,15529,-7137,13236,-14556,4659,12212,-4270,4415,-844,-10112,14818,-15411,-11996,3592,5478,8824,4871,-2541,6125,-6448,867,-4892,13180,-13492,-9946,-10848,-12173,11159,-11761,13210,-627,9163,1115,584,-12380,10836,9451,-15745,8575,8785,-9864,13965,13210,-974,8253,10741,13556,-9076,-2253,-6870,-6064,2513,-4247,-4928,-12398,-7128,-10764,-11723,13447,8264,-5493,11432,-6422,9544,-1617,12089,-6598,-6653,2368,-9228,-4008,-667,4226,-9622,-13172,12222,-1137,
-13237,3925,6745,-5191,3429,-1829,11051,8847,3870,6871,1452,-15853,-7924,-15401,-4421,-14246,10148,856,11633,-11686,1733,-12163,12026,6511,1909,6390,5099,-13464,3588,15755,-5373,14289,8224,-15123,54,5721,-156,1853,13169,-8514,15948,13253,-4721,-11691,-13375,-12050,-13092,2232,-14856,-4177,-1619,-8784,-4613,-4976,-6960,4826,14228,-3156,1318,2477,9818,-1836,564,14657,15835,4499,5804,7655,-5941,-9219,-9489,-4426,15553,2718,-10687,5563,-9854,4854,6556,-11981,-15057,-3825,12526,-6198,-15537,-2566,-8409,-15498,
13007,-4809,-8654,1411,4355,-15967,-4590,10983,-9986,10573,12996,-5460,-1016,6068,5176,14562,10271,9430,14903,-860,-12228,-8787,-1170,-7892,-1870,-8493,1757,1208,10924,4216,9926,10590,-14712,-9425,-1916,-3806,5580,-10544,9804,-13301,14784,-15126,-1878,-14406,15445,10753,11641,-3395,10490,471,-4117,-11946,-12270,-2639,10205,10017,12979,12099,15636,14139,-11147,4392,-4092,7576,3239,-14180,809,6634,-15502,-10678,7896,8150,13793,-457,-2257,13355,-5818,-10723,-12241,10739,5020,-3175,7710,10647,15213,-4113,-12101,-4015,
