NB=88
-7025,6727,10603,9650,15848,-2123,13338,-7427,4840,9464,15434,9097,11597,12204,-12299,-15581,-13163,6520,-662,-13948,7461,-4504,-8824,8528,15428,15307,8177,3975,14878,-6528,14556,-2740,14902,-7260,-2357,-11129,-4040,-14330,-13826,14405,-5559,-6809,8910,5344,9044,-5483,0,0,12561,13884,-6980,13949,-15151,15418,0,0,0,-2940,1586,2494,-13818,-12726,0,0,0,0,0,-12335,106,996,-7176,0,0,0,0,0,0,-11537,5661,-13009,0,0,0,0,0,0,0,0,
-13189,-8759,1030,-2720,7567,-8441,-11441,-8574,-8041,35,14712,-1989,-1260,-15321,-13409,9280,13407,-10162,1019,13624,-9616,8339,-5,10637,-8476,2487,-2399,-15038,5177,3875,1086,13609,-9580,-13984,6655,5903,12762,2526,-15633,14143,15187,-9121,-2228,-13266,-223,2111,-592,0,-8089,-13313,366,-1508,9580,-13496,3201,0,0,4169,-15674,1382,-14839,-6674,6623,0,0,0,0,-1750,6579,10764,-8687,6936,0,0,0,0,0,-304,-12656,3632,13538,0,0,0,0,0,0,0,
3358,9619,-7507,-307,14615,7203,-2117,4782,10831,11457,4607,11418,1287,-8893,15581,-1103,-6189,13342,-9701,-3888,8389,3515,-7193,-4180,14452,-13867,-10085,9739,-5890,-3023,5568,8618,-8584,9003,6625,8547,-5420,-3019,-3214,-9302,-11648,-7409,46,9678,14099,-6322,4436,4073,-5039,8342,6529,13986,9417,14503,7001,0,0,-3956,1408,-10976,12248,6616,7013,3201,0,0,0,-4788,-13846,8374,-7288,-15167,0,0,0,0,0,-14215,5082,11822,-13265,6936,0,0,0,0,0,0,
-11524,362,-12335,5786,5592,-15749,-1520,9184,-7397,-13316,-5812,-3537,-12939,-7261,-1689,-7242,15472,-2745,-10661,-4407,5902,12090,11774,-14037,4037,8506,10948,-10437,14713,13668,14556,-11247,4047,11761,-10266,10830,-12025,-15921,-9716,2211,13504,2673,6571,9579,7065,7832,2804,12868,10320,11445,-11471,-10165,8360,-8420,-10402,11096,8739,-1391,7163,-169,7711,-14361,-13349,11939,6324,0,0,-7934,-9747,-15493,-3804,5721,-11252,8586,0,0,0,-13358,-5757,11412,15746,-5051,-4766,0,0,0,0,0,
2896,-12440,15736,3638,6187,-13859,-8352,-11512,2062,-15242,6984,-7203,11790,15274,1674,-6422,-15844,-9251,4583,-15627,-5128,-3921,-13921,4182,-12201,-3433,3956,1553,-13918,15826,-9804,7065,13363,-1022,5912,-4558,1049,-10270,-1050,15275,-13292,-9775,-15091,-10582,6819,6601,1137,-7402,11972,-11200,-3241,11514,-15489,3295,9357,-2410,0,2275,11631,799,-10155,-13047,1213,594,0,0,0,2846,-8994,-9265,5247,-9608,11708,0,0,0,0,-15935,3350,4545,9615,-13138,0,0,0,0,0,0,
-611,-3614,-9337,-11702,-8070,273,-7908,-3562,8820,2633,8413,1610,14511,-15568,-13383,-13716,-12316,-1833,-3033,8706,1606,-10452,-15968,10003,-15833,-1808,9257,12882,-9993,3528,-6516,6716,-2101,5775,-13466,13012,-12144,7465,-14168,-3876,-8312,11005,7337,-12485,13075,-14628,-15345,10859,-11158,-14775,-13668,-14439,-3600,-14069,14254,3478,15279,1661,47,13334,3760,1055,-12698,7574,7839,0,0,13690,-13510,898,8966,-15345,4856,9197,0,0,0,1866,-8573,535,1513,10361,-12133,0,0,0,0,0,
12889,-8845,14030,-6023,-12474,14340,12647,7031,5193,14901,5459,-4026,10713,-9766,-12449,-4094,-8808,-4464,9946,-14276,7190,-2007,-14905,1649,3594,-2379,4975,11897,-7843,-3742,-6870,-10385,-5174,51,-3822,9913,-11915,5302,7018,-3936,-3683,15535,-11832,-13760,-7912,9767,-6053,-7639,1923,7341,-5523,-289,6877,-1241,4431,7256,-13422,12249,-12520,-1156,10454,-4914,-5528,10741,-10871,10865,0,13739,10043,12934,-13265,7255,8597,8837,6073,0,0,1694,5638,1061,4041,5067,-8452,740,0,0,0,0,
-13564,-15375,-10014,4116,2002,12534,-6546,6795,1213,7959,5365,-6837,-4726,-4597,-7962,13307,-11335,-11935,4906,15358,15169,-11068,4392,15329,-13210,-1099,-5348,-913,13626,4531,3146,5170,-12826,-12587,10897,-10297,9491,1227,1745,7185,-1463,-2876,-1557,-3147,15752,-3409,-2670,7919,15345,-4544,1294,14844,-3320,595,-6529,6484,-12812,184,4205,-87,12199,6387,12042,9456,-14969,0,0,-12979,-9895,-1864,-8379,14908,-10410,10997,0,0,0,3427,697,8096,15553,-5228,1836,0,0,0,0,0,
-8136,-11949,14549,-3274,8720,14511,8994,15931,14066,3868,-6638,-8212,13025,7960,-6679,6410,13905,-7710,-6963,-1361,2187,11204,6300,7293,15163,-2947,8889,-10749,-5141,14319,2369,-10112,-6636,12678,-6667,-6190,-2710,15782,-11956,-4377,-12827,15546,1052,14819,-12362,8470,-7778,14989,-14615,-15597,-2525,16013,3277,10724,14422,6964,-12355,-8949,-65,-10609,-3530,-11282,1276,13299,-8477,-2410,0,6261,-10306,-5841,7964,-11104,14866,-347,0,0,0,2357,-8423,-13686,-4097,-5744,-15928,11708,0,0,0,0,
9496,-1760,-4521,4526,-12086,-10326,6118,3853,6891,-4094,-7950,-1027,12618,-11674,-15902,-15861,3844,9470,-421,329,10553,13504,8876,6894,2765,-10432,-2860,152,-12146,-6769,14765,5809,5954,-8530,11890,4458,-598,-5243,10014,7410,-10031,6732,7970,-12146,-11809,13176,-2183,-2494,6468,-13608,-3332,-14035,-12320,14344,4285,-8461,320,-9096,-2146,-257,-7380,10797,-10212,-15476,1197,-7260,13778,13315,-10964,50,-9544,-15873,-364,6422,-7711,0,0,-5513,1884,-15701,-4200,-7269,7446,13927,6073,0,0,0,
-13811,-8414,10078,12413,-12362,3825,-4542,-14245,-3629,2093,14747,-15061,-11126,-1759,-2043,-2801,5694,-9578,10111,-9143,14997,14158,7289,-11862,-5944,13020,3118,-13299,-4503,15228,-9770,4847,-7022,7303,-13847,-3480,10785,13702,-14746,-12727,-390,5336,13879,6290,14711,-9273,-12778,12356,-12260,12027,-11734,-8410,12056,7850,2561,-13871,-9598,-11787,-8520,3075,16,-6840,-2238,-9442,10067,14536,-11946,13249,8716,-15243,-9160,4161,-16001,13383,805,3180,-8433,6109,856,14784,-3679,3576,-9509,14165,-9945,-14937,0,0,
7600,-5833,2057,-4464,-7668,10962,-11552,10639,-10670,-4727,783,-2700,6965,14575,11541,-14298,5511,13422,5691,12776,-11040,-6481,-12239,7879,-7556,-15130,14798,-10752,-10573,15383,8375,-13606,12827,-999,-9641,8047,-14929,-13039,8419,-7267,-5187,790,763,12826,11077,7561,-6437,15323,6945,-14609,-9308,10693,10392,844,3998,-12403,-3073,14611,3882,-6148,-641,-11008,-1175,956,-5829,12914,0,-2078,10981,-2517,8364,12645,-4805,3635,6715,0,0,-6131,6822,3755,1058,10607,13667,-9226,0,0,0,0,
-8931,1007,10839,-15694,8827,13486,-15005,-8895,4523,-5517,7266,-11860,-6714,6962,-4163,-11208,5414,-5999,-6961,1448,-496,-105,13782,-8573,-13170,7353,-9150,2905,-13703,-10387,12252,-15049,14941,4395,3846,-4217,9155,-2223,1891,4496,-419,-5390,-13604,7761,5609,8173,-496,2385,-4353,2778,859,-9542,-1569,7573,-1505,2066,13024,7155,-15668,-2115,-12202,5733,-6566,-7374,-4506,12102,-7077,-172,9363,8490,11654,-15580,14302,13264,-385,5138,0,1611,-2136,7161,-4480,15041,15202,3787,-2130,0,0,0,
-11074,-13411,9776,7769,-14577,2761,9473,-2893,1215,-2747,-1695,5656,-2226,-5432,-5765,-5987,11991,-12504,-5739,11039,13441,5070,9749,-13909,-8172,-11269,4367,10128,-15002,15166,-1368,-3586,-3302,11831,9398,-11813,-9735,-13291,-7896,-4587,11544,2491,131,15018,-7580,-8844,-10918,-10964,-3654,-12148,7762,-15090,15200,-11542,6775,12148,-580,-11823,3552,-11068,-13133,6798,1717,-5015,-579,14117,5319,6037,-2974,10487,5768,13431,-11321,2669,13534,11436,2077,7595,-14436,6323,-2552,-3265,10784,-10152,-6593,-11678,0,0,
-13279,10346,5522,14840,10560,2060,6070,-5302,4853,7343,12769,-12530,3023,9201,-10824,-6156,-1311,11870,-14117,8573,11824,-5421,-9909,7561,13292,-14729,-7119,-146,-9823,1002,14053,13891,9637,-464,14366,5167,12377,268,-11037,-11690,9438,-12173,-11064,-11453,4987,-8398,-2505,864,6413,12228,-12020,2567,8478,-14624,-10065,7162,-2469,-6814,-13769,509,11264,5073,11712,89,5191,-4945,-4005,-8981,12371,-3766,12168,-11609,5306,-2222,11714,967,1632,8911,6695,-251,-11676,-3664,-11351,-4246,-8900,9665,7834,0,
-14183,6461,7814,-11141,452,2292,-15844,13926,11669,4385,-15135,4911,-8342,-2337,14932,-4668,-8040,-809,14391,8706,-13339,5807,-12623,-6951,7635,-9561,4429,-12232,-9027,-11408,-14716,9643,10521,6923,8592,10858,6526,-2556,-5334,-13728,-10010,15665,-3371,3837,6071,9089,-1546,14077,-9090,8495,5384,15530,-6757,11861,241,10110,7916,1241,11115,-7747,-1926,-2385,-5534,-9482,1634,259,12710,15602,3669,-1233,-9269,3162,4849,-11273,1252,0,0,-6940,-13291,4467,-7150,1162,-8700,-12475,6715,0,0,0,
-14045,15793,13604,-11111,1371,8197,1028,5032,-7972,9039,2816,-3091,-11514,-7534,-5671,-8787,221,-135,-10451,10237,15004,-14814,-5265,4070,12152,14021,2049,15440,11119,-2206,12987,-577,-8700,3405,-15065,-11200,-13722,-2834,-10732,7503,-8189,4069,-1574,-7843,-9518,-2442,-5290,5709,-14660,-3971,-8540,4638,-9410,9366,7102,-6766,-1404,-3794,14347,2877,967,-10081,1491,-3127,11148,-15192,-15222,-4200,-12987,-13801,-4982,6249,2540,-551,5185,-11060,-11182,-3589,-15724,-3605,9484,4054,-9353,-8566,1450,600,0,0,
10266,8587,-14290,-6834,-9906,4607,-6143,11781,6172,465,9054,186,-6191,1856,9876,-12201,-3698,-11873,-9975,-15587,8692,-3177,4638,-9374,-4298,-14503,-8842,-2130,10627,159,14503,9987,-5196,-7120,13146,-364,-15213,4174,-12482,3915,5158,14295,-15784,-10873,-10727,15073,11344,6182,12802,-8496,-12086,-11506,-11043,-11784,5423,-4884,13881,-5676,-2496,2545,10215,9070,-13389,10808,11772,13239,-6222,-13617,14435,-11037,-15110,-5945,12000,-4401,-615,-885,4916,-11368,-8202,-1219,-936,-13959,-988,-3708,-1462,-7624,5138,0,
3121,-601,-10520,-15922,-9440,11663,10035,-11118,5293,5358,624,9580,-15626,10034,6461,4228,11913,10299,-13736,-9345,-3850,-7317,-1044,9286,9154,-1535,7268,-10113,-8170,1114,3441,14364,8262,-14183,-2034,-8626,-1578,-10402,951,13396,-4562,1202,-15553,-1843,13727,1651,-11399,-2921,-1768,1561,-6472,-3885,12212,-8289,3632,-9996,3946,-8512,14055,-5441,960,-360,-8400,7836,10500,585,-9073,-5498,7149,10594,9654,3460,7827,-6973,9355,2121,-13725,-4644,-14581,-2869,-1892,6200,-1727,-4599,-7728,-701,-5900,14090,
-5095,2570,7381,8636,4191,-14806,12800,-509,-3104,8856,-6324,-6144,-8448,13059,-12929,-13989,14809,-7924,-6117,-9249,-228,6286,-10582,5756,5461,-13412,256,-10061,-14565,-10340,6886,14071,-11338,14188,-11232,-4885,1750,2038,15906,-12872,-3275,-3376,356,12384,-11688,-2357,15236,-6929,11816,9658,-8957,-5687,8721,4881,11391,9432,10617,8005,9569,-7112,-1711,1515,2283,7069,-11335,-14786,8142,7678,-9526,13550,12294,1348,-9147,-2272,9112,10431,5260,5314,-11678,-11989,-13366,4930,-5029,1406,3306,-8085,-9601,-2551,
10640,-1686,-6837,-11526,-3086,13523,-4876,-838,3617,-13756,-1994,4939,4206,14261,-2451,13411,5648,-13210,-13520,-15184,3859,-11543,-14073,12671,136,-10195,11195,-9746,-7071,-13937,-1642,-3253,-16007,-8495,-8567,1118,5618,10564,-4778,-14417,-10471,9014,3571,10806,14141,-6876,10525,3276,-15250,-13420,-15926,-98,-168,-15953,-4957,7121,-4165,2200,13000,9793,13312,4478,-15444,564,1882,15693,-3425,-13642,1528,6856,14737,-3868,-9909,-11925,-863,-3737,0,12230,3491,-14521,-4471,4119,-13181,-9770,3042,0,0,0,
-2865,11996,3177,-10969,3647,-15711,-13289,15548,-6796,15873,-8574,-1029,8016,-14616,-3564,-10570,-13399,5366,2377,-1654,-12334,-13233,-13018,10262,-9142,-5617,-8500,14338,15869,3033,-9706,-4443,11135,-3064,5667,-6321,-9369,10701,-6287,1313,7181,11858,-5954,4715,-6399,-9722,5561,9233,-15158,-886,-4083,-11290,4126,-11416,7339,14595,13339,12729,-1330,11957,-9306,-8399,-12990,-7869,-14362,4472,-10660,10515,-2083,-8565,-10293,1055,-8337,10333,-2735,9943,-3049,10571,14734,3800,-3265,2617,-14982,-8181,-6163,-546,0,0,
-13195,9131,7430,8041,-5641,14382,6823,4978,11682,-9557,10821,11464,11464,-15486,-12125,15177,-14851,14834,-6254,3070,-6866,6333,-1756,-10628,-7973,6122,6420,-9908,-11977,-5801,8633,850,-3001,-5414,-1710,-4102,-6768,14666,-8719,-14077,-1069,3270,-6551,-1671,-2352,6501,-11445,-959,1701,5328,3778,4196,-13905,-4977,9626,-4220,11835,12688,11165,12057,-9967,-5419,-11621,7619,-9789,-1149,-2810,13533,-2523,4025,7938,-7066,-5707,-13848,2894,-6009,-13100,-12075,2057,-5488,-4956,2182,-6907,8599,9684,-13464,417,0,
1520,4819,9380,-6944,-15292,6953,12364,12388,4188,14726,-9624,-6931,-8639,-11571,5641,-9594,-15975,-12021,5392,-7176,13090,-14599,-4202,2217,-10411,9197,-10391,3212,-14496,9165,-3212,-15439,13202,519,-155,-3524,-4028,9367,-2212,2599,13902,-7576,2934,10622,8142,2607,-11954,-3248,-13438,8818,-1824,-14822,-968,-9489,-6742,-15269,12632,7151,-15046,7712,12126,4759,1445,6159,10879,3139,-14721,10897,1112,-13712,-11023,-7734,7937,-15043,1000,13767,-13028,-4469,-8057,4234,5766,9342,-4243,-9882,-1539,-9169,-4418,-231,
-680,-13880,8473,918,-4962,-2537,12554,5709,-6833,-9940,-7553,-2125,-12555,-14824,-5774,11127,-68,-9591,-2525,-6492,-8226,7740,-1813,10573,13447,-4690,-4026,11074,-7706,-5591,-11511,3988,3988,-2281,-3674,-11753,3197,-4901,-10486,237,-5632,-643,-187,3190,-5301,-10856,3908,9028,15155,701,7983,-1126,-4776,-13904,234,15542,4398,6334,-15678,9716,-4051,-2509,2160,9426,13228,-11744,2890,9287,-12450,5824,8524,-12473,1235,-3249,8639,-8890,-15441,12684,-3105,1024,-7459,-3420,9004,-1948,-15713,-14776,15544,5898,
-4866,-5772,12377,2945,-2004,12470,12443,14885,8587,3073,-3071,-8190,-7250,14075,14838,-15405,-14548,-14287,-2068,3033,-9520,-14593,-1539,-14810,-7435,-10575,12327,7032,740,-1573,-7315,1555,10192,-1994,-6980,-8815,-8789,4404,-8105,5891,9242,-8537,9957,-13532,7436,5409,1893,1631,8455,7103,4401,-5424,1047,-2073,10918,2571,-10242,1404,1418,2310,6168,-10084,11268,-4367,8415,-4086,-6208,-691,-8761,-4288,-5131,-12979,3972,-1014,15192,-9841,15198,-5266,-13688,-14265,-5544,3424,4798,14957,1443,3306,2448,-13354,
1424,-8545,14848,-8732,-7223,459,-5090,-3218,-13367,-13806,-184,-9313,-3479,12497,13515,15380,6952,-3437,-639,-13065,54,6673,10378,8551,526,10901,15116,6013,-14832,3491,12068,-12243,-1166,-3560,-1233,4101,5560,11030,-5956,-1734,-15967,-5435,-15299,-9735,-13094,9530,-15154,-7378,10062,-4700,7368,13252,-9807,4390,645,7900,-9056,-13554,14742,-8523,-2427,14917,11415,-11017,151,-3270,-15987,15970,14265,5045,657,-10597,7103,8370,704,8283,-5416,2630,-14344,5009,6789,9455,-1599,-11514,5471,12603,0,0,
14011,-8948,13156,2989,-8591,13150,-6100,6397,-11645,9809,-7635,6510,9878,-8694,-3194,-11026,-8782,-1810,9509,10341,6880,14547,14272,-13769,-2057,3861,-5128,2320,12923,-8016,11893,9293,5906,-11758,14871,-288,5985,13258,5473,-3402,8240,12311,10851,-15556,-11414,-8117,10102,15223,-6203,-4922,4738,4760,-1955,-14857,12589,-11075,-4889,-4843,-10762,12519,4730,10327,-8905,-15663,8762,-11526,9460,-81,-12379,-1035,-678,14898,4751,-1332,10408,-9719,-5369,-14841,3237,-3884,2515,-15852,7669,11089,6536,-408,-3737,0,
4036,396,-9339,5182,-9250,15511,-13369,7187,13106,-9740,-14663,-2480,6443,-9475,5326,2904,12040,-209,-7010,-11771,12193,-2180,-6249,1299,-10809,-12739,10532,-8478,-11693,15738,2007,-1644,7335,-11791,-2180,-5516,-5494,-13639,-4502,14471,14451,8990,4492,-9577,11347,9145,14381,13094,-9951,-7945,-10069,5380,6670,-12241,-7423,-11415,-5856,-728,-7002,8344,4070,688,523,5460,-14691,-3215,14884,3536,-6746,-7517,3930,-1592,14724,-645,3642,8396,2778,-6621,8947,2796,15075,-9979,11580,7776,-11270,1792,-4977,-14792,
8031,-9160,6758,-1838,-2626,5246,6620,-1899,8403,-239,11022,-2719,-1642,12640,-10566,-13730,1463,-11939,1881,-4160,763,12231,-14483,12872,-15356,13170,7276,-10569,10763,12422,15101,-14727,-3938,-12011,15911,7166,-14764,11274,1717,-6912,5489,-15239,10094,14892,14074,15501,-1447,2593,-4605,15796,-2316,-7447,-7967,10168,9577,1367,10934,-11164,2963,12107,-13596,-6854,-8237,1157,-12623,-5564,-89,-12731,1886,895,-14654,-1504,-1046,-6444,10063,259,14431,-11070,425,12217,7817,401,14226,12305,-4559,-1396,13356,1909,
-3082,-8908,5155,4797,-8803,-10535,3603,-7902,5019,2252,-3181,-721,3670,-4586,-8580,11546,9374,-13614,-6834,15950,1914,14273,7345,80,11681,4022,-4608,1238,13053,-326,11161,-11480,-3217,-7420,-1818,4166,-14696,-14224,-6961,1042,-11279,9870,9930,-5061,10914,-14543,1341,-10419,7285,5817,-13047,-15965,4748,-12026,-1590,-9393,13809,-3846,5986,7642,9136,10213,-2958,-3693,12337,-5935,-8829,9027,8919,-8648,10035,4127,-10517,-4089,14386,2795,-9393,10441,9175,-2137,4706,-2598,8218,-12888,567,-9,6675,-2761,
3072,-5137,15286,-9143,8316,4479,-13129,12626,-10988,-9143,-1613,-5395,-8253,13434,-7224,2372,2505,7130,-14795,-3356,4155,-9512,13647,-9034,-5220,-12209,-15643,4625,-1431,-7523,-7323,-6882,-2884,13567,-1373,4008,-10473,11678,2922,-15356,13750,13803,-4003,12585,7776,4773,-15866,5901,-3022,8083,-4997,-3487,12237,-3756,4963,4834,-2519,9901,3311,-15298,-9215,13434,-5083,-5205,9474,-825,10256,-4773,4817,-8684,-5099,-6038,-11611,-6720,5106,8213,-7942,-15324,10022,-12826,12444,-282,13617,-14623,13845,-1172,-11390,-6870,
-6375,13364,13168,-2426,6449,4087,554,-4452,3089,10696,15086,-14927,1390,8910,-6807,-6475,-13619,-1475,7154,12971,13946,-8818,4357,3889,-561,4504,2948,-15207,12871,-4616,2731,232,12633,11670,-13460,1666,-14730,-6854,10104,10242,2296,-5856,-3163,10819,-5434,-15836,-13374,1065,15776,-674,-9407,6240,2147,1718,-10578,15765,-13176,-6708,2366,-7579,4370,5245,-12761,-11348,11261,3055,-4736,13732,5610,-12845,-8629,6519,-5025,4572,-11938,1246,8664,6531,14473,3112,-1115,-2379,-2676,-13468,4442,-1054,-6904,-11142,
-13640,-5858,7931,4931,11797,8547,6211,-3647,-6078,15431,-3561,12509,-6516,-950,5659,8480,-6546,8582,-6700,8244,11923,-15251,-124,-5745,-14200,2634,-10815,15211,-13760,-15061,-10024,8081,2001,-2813,-6235,-3870,14428,-7977,-4579,-3477,-14429,-10121,12363,7551,4966,13442,-7685,-3063,-8696,-6124,-10381,-6979,2341,2510,750,4775,-7715,1332,-7983,3019,-8814,13914,11321,-11824,15880,-10145,7394,4103,-10033,-4889,1164,-15710,-5171,-1205,-5845,12263,-6587,-7999,2626,-11089,-7357,4276,-4465,-6962,3823,-14826,-2439,0,
15157,-848,-5271,-14055,12019,-5955,7276,-15652,-304,12321,-8910,5079,-498,-745,6503,-8177,3736,7726,-7305,7275,8591,14798,-13395,13000,7447,6474,-7310,5859,6297,-6569,-8771,5325,9308,-5276,-488,-13600,10967,-13809,13807,9991,-10268,8357,-6553,-5984,-12424,14551,15726,-11448,7340,-6150,9864,12818,-11688,8011,-2346,9702,-4920,858,-8249,4741,-6607,-6641,7845,-6214,-3423,2176,8270,15430,5080,-6188,-5859,-9621,230,13467,12573,-5437,6199,15331,-11130,6081,15833,-679,-11506,2451,5096,-11174,-14947,12676,
-14813,15691,15398,-12533,6965,1699,14644,-8850,12109,9075,-14864,-8394,-5562,-4008,-4440,-13332,15002,-2049,-714,-9664,4957,13191,-14003,10875,-6074,13430,-11837,-12690,9309,10933,-10977,12789,7995,8560,-13899,-7341,14291,12752,5969,15129,10055,-14038,-7369,-13191,9526,-14275,3795,-14700,-13195,-14435,570,1174,-1608,-6418,1838,11858,694,-7786,-14163,-10661,4474,12052,1709,-6084,10518,2596,-4384,5398,-12691,-7646,12754,-5204,4870,5687,185,-13689,9670,-7659,1440,6163,1411,-12130,-3142,8424,-1637,5771,14569,1405,
9163,-6967,5512,-10342,9839,8114,-9558,-4806,6901,5022,3791,12190,-8173,9790,-736,13901,-7541,-13912,-12002,-23,-9809,-12963,9980,15455,9079,-14366,-942,11930,-1604,1249,-519,14714,-14523,-15325,6550,-13773,6160,1485,-3239,-14277,-32,3117,5015,-13874,6158,-7645,14950,-15605,-1782,-3942,3356,13125,-9520,9754,-8796,-14289,-1424,6352,-11519,-5753,9406,-7651,-13871,15812,-14332,-13849,3665,-15304,-7484,-5144,11644,-2574,1252,5124,-13560,-5824,-9274,3705,-9004,-15186,-1550,8824,-11302,5656,-1895,-6011,-99,3568,
-9752,-643,9924,-7866,-7469,9975,7562,-7657,-4678,-15290,8098,8588,10087,8934,-8937,15793,2838,-11826,-4269,11777,6822,-11875,3761,7405,15422,-15185,3446,15463,1246,1660,-7143,-5522,2544,3179,2518,6434,5407,12085,-12034,952,-6428,-15070,-7233,5937,6432,-9642,-6790,-5566,-8140,-3754,9202,10852,-5963,-15534,4633,-1909,155,-1022,11986,9311,-15677,-7866,11078,10371,5878,6389,-13127,-5198,606,-5322,2625,6181,14430,-6230,7378,-8667,-11674,-1102,-6601,-2867,-10157,13892,-13435,10288,2187,14580,12497,5977,
15454,-15918,-7379,13371,15652,-2733,-851,2726,13308,-9917,9427,15150,3154,-13179,6861,3425,12597,6721,11844,-14403,15732,14405,2975,5930,-13899,-1120,8193,4559,10286,-1781,15389,11700,-4739,-9837,-8245,-7260,13635,13708,-14528,13598,-7565,-5854,13472,-6081,-13160,309,-4436,-13277,14982,4709,6345,12407,-3038,-7185,14398,-5778,-664,-6448,12735,7783,10998,-10999,-3812,4016,465,-15637,-15916,-14603,-5030,-3177,15507,-8556,-2087,15564,10984,13225,12791,-10156,14783,-12811,-5912,-6816,-8483,13092,2181,-8445,12196,8464,
-1758,-15790,4098,6095,-4121,1753,8785,-3026,-14211,15991,-761,-14921,-4072,-6094,-4287,8364,9025,7326,-10689,9288,5668,-3846,-11671,767,5898,-3774,-9568,-9394,-5800,913,5120,-8894,4014,-2951,-15092,-10040,-15743,-15554,10481,-3183,15911,-15520,-6405,-14553,-7316,-3064,-2870,-7390,15861,8119,-13691,-12834,-15166,-310,-14698,14512,12042,-1412,-2818,-11467,15932,13139,13505,16012,4995,-2923,-3333,15935,-25,7361,-3725,5916,-6298,6086,6114,4256,706,-10034,-12851,11056,5504,1111,2260,14759,-9466,3346,-3387,-3043,
-3647,333,13856,51,-12584,10039,-11190,10972,-13450,-10876,-15104,-1634,13520,-7670,-2025,1949,9089,-12988,-2229,2113,1941,-1605,-94,19,2744,-6419,7158,8557,7937,12877,15686,-9216,8477,-9395,-15849,-13747,2536,13334,-15390,-8931,7287,-5895,-9051,13205,-12093,-3399,15729,-13843,-15971,-4357,13830,-7547,141,14530,1696,-6079,-4911,12539,-7265,2673,-6247,-5811,7036,-8953,3064,8579,-5674,13101,-4988,8968,6022,8285,312,-10456,11856,-8267,-314,-10374,14214,6992,-5752,8582,-15517,9004,-5310,14528,2167,2502,
2895,-9741,-11795,-1500,-15245,-2671,9772,-7679,9111,-14457,6254,15886,-14055,-14349,-9744,12392,5711,5218,-2958,-12935,-7901,-10277,10862,-10147,-8183,-14054,4411,-8204,-15510,-2798,13702,14196,10616,5181,5939,1456,-3833,6542,2472,14514,9368,-14603,-5022,-10626,-4847,-1587,-7904,-11360,5322,-11655,15510,-13227,7588,-6141,-4886,3138,7129,-106,-7511,-6130,3747,2919,13177,9720,4389,4263,-16010,4096,4379,-10486,15145,-9874,-12745,1301,12307,-12597,-2008,920,7237,-3843,-13332,15339,-7296,10250,803,-166,6193,4197,
-11253,-14494,-7924,4606,13673,-14958,5121,4996,11562,-14670,-15283,1068,7080,7278,-5690,5632,4365,-9749,3005,11403,1425,4768,-4987,982,-1588,-6070,3276,-4334,-7332,7670,2339,9729,14966,-268,6600,-15721,3440,-21,-3650,1509,15335,3441,-14243,798,4741,11690,-8770,9410,-15632,5105,-13501,12700,12809,-11180,3950,7336,5922,7906,7739,-14797,422,-13185,6753,1104,93,-3441,-5830,5441,-9206,11923,15391,-12376,-14460,11905,-12278,-7085,-7472,13212,9967,10475,7126,4338,-4381,11080,3699,13546,-138,8467,
-5322,10687,11506,6611,-4277,-1734,-11886,-2379,-8755,9477,8032,13803,-3124,15341,10586,4817,-5495,-3704,2708,1616,-10535,-10802,11685,10173,7311,7275,8055,10541,11670,-11158,8020,-10226,-968,-15063,2540,-1707,12812,3168,8861,-14657,-4554,-14559,-15049,1752,15726,-11493,10231,-14051,8057,-9222,-10642,-13832,6380,3449,10824,12857,5492,7735,-10769,9919,12629,-14465,-504,-12927,5594,3798,3060,-2250,11393,2023,2341,-9935,9542,10298,-13128,7910,1075,-15549,10611,3007,-7320,5150,-1284,8577,11565,-15261,5858,11427,
11890,6644,-4044,5454,724,-12016,-1625,-15050,-4235,-15587,-14981,2162,-9038,-2721,10277,4487,2678,-40,-2597,-8630,8046,-2045,-5967,-5506,1935,-178,-10111,-8781,6528,4818,-10845,14300,10963,765,-10523,9902,2912,4130,12362,14949,1977,4311,-1029,6512,527,11965,4872,-15863,-5143,-8946,1622,12766,-2916,11881,-12533,-11156,14764,-9509,-2959,-1884,-11187,-8370,-8612,-13170,13763,-12208,-11311,5382,4169,-12292,9729,-837,-7828,11883,3542,15200,14924,5885,-12563,13937,4651,-4720,-1663,-13113,13830,-318,9818,2643,
-7535,-2436,-10239,-1594,-8136,14554,-5323,6934,13381,-5521,-5227,-13172,8984,-10523,-1966,11594,10219,-13008,-1117,-4554,-13840,-5366,-14042,-8099,-9460,-14920,139,-14597,-13572,-955,9240,-13755,-7326,244,-14871,6421,4179,-6257,196,3963,-2491,-14942,8799,-12330,-772,8546,-7365,4762,3023,7246,7353,732,15295,-7564,-12151,12353,-11481,-8857,-2917,-4970,-6093,-9910,10717,-7418,-6989,14856,-4434,-9510,-367,-7699,15752,1267,9756,-11345,10914,13993,-5213,-1698,-2623,-6620,-4330,-3622,-13570,-10505,-4640,11843,3848,-6258,
-7030,-2614,1263,9806,2335,-2450,9991,9855,-3510,659,-15929,1259,-14705,2692,-14177,6557,-2219,3825,-8004,-12004,-11099,-13477,-2184,-11942,9697,798,-927,15226,6983,-4353,-15475,2544,15360,12762,7124,-15865,-15478,2978,11147,12579,-2386,9387,6353,-12104,3349,525,-5829,-10839,-13556,11172,5050,-7014,-1854,10058,-15629,7728,-13417,4212,-8383,-4043,5044,-504,12795,-4635,-6782,4873,2511,-8614,-8741,271,-13036,5928,-2783,9237,14129,-12767,-6265,2012,5978,-14778,2207,-5558,-1565,2901,12425,-4692,-2773,-7782,
-11980,-8464,-2061,-13340,-11255,-6423,-12195,6459,15431,-4979,-9844,5887,-8447,-1530,6164,8953,-7718,-13750,-9299,11410,13436,3555,-3919,-2868,1146,-8038,6971,-15791,-13506,5197,6577,4526,11386,-9483,-13945,-3357,-10640,-5148,12604,-2811,-4026,-12808,7166,-9115,-4283,2509,-6866,8790,-15342,2423,-15598,-9385,-11250,7205,-6482,-14409,-6547,-8690,8373,2998,4835,-10848,14036,-9147,9395,4893,4655,15968,-12198,14688,-5712,-7301,1376,-15200,4742,6760,1186,-10939,-1082,7140,-13473,7500,4901,8020,-7307,-6333,-7171,3864,
5879,-13216,-15904,-13312,-14044,8207,-9967,-5878,-12974,-9390,-15859,11741,-13621,12157,-5466,-8348,7753,10081,10706,3855,1562,-5528,12712,11983,-4029,4456,102,-6532,9555,-8368,14995,-10907,2845,-5584,6160,-3478,-8538,3243,-7861,-13937,10127,-12853,3715,2514,-6289,3970,-5947,4761,-8020,-2608,-7415,-9883,-9504,14748,6949,-1138,4573,-2690,-2355,2422,4651,-655,-6117,13668,599,14951,8504,-5566,-4355,9309,-6340,-13193,2553,10646,-6935,12868,-12888,-3291,12616,7722,-1395,-14264,-6410,-5820,-4256,-9247,13967,4068,
-11976,-14978,1644,-2589,13471,11192,6958,-11588,-12515,-14735,12426,-2365,6509,-4483,6551,8124,12358,-1871,-3580,-14483,-5175,440,9964,15854,9885,-12470,-6360,-4256,13688,15888,-9,6005,-490,3173,12943,-1815,3011,-13611,6877,-14828,3040,-246,8395,-7484,8614,-13797,-903,4662,-7587,-1704,-8494,-2940,13107,-3620,14468,-8117,2940,-6211,15467,-896,15504,-5531,13473,-2260,9222,-4852,-2469,-8159,-10585,8057,-4548,-4242,10366,5051,1067,7939,-15451,-11107,15513,162,3182,9622,10072,3973,-9100,-11774,9401,1955,
4879,-7038,-890,15167,2505,-1265,356,-4176,13360,4216,5256,-13026,13943,11033,2365,-10080,-15534,-5811,-12755,2455,-7312,5892,-5782,13113,-14006,5815,14467,-14827,-14414,7569,-12132,11378,-7163,9396,-11774,-1496,9663,-9668,11915,-9588,-4521,5491,-5769,6555,11496,-8371,257,-4606,7782,-11117,-2380,3999,152,-12844,-6011,-14910,4343,-8667,3619,14425,5115,-7741,-191,12815,11918,-2062,-6027,-7734,11943,-2636,-708,-14245,1685,5910,-13289,-2802,3004,-15677,-15494,11532,-7196,-12117,7721,12935,-4533,2652,2748,-683,
-14525,-13493,6522,-7671,9594,-9176,-15765,-11746,11007,11797,14586,-9753,-7517,-9585,-2449,14101,11535,15124,541,3729,4994,-14879,14547,14879,-522,1780,10663,10418,12534,8341,-10612,1599,-13189,-1569,1947,-97,-14279,3498,-11064,-4202,-1061,405,-6672,-4565,13798,-1138,-14111,14801,8381,-15599,-15290,13134,10026,4750,-15133,-15282,-1324,4215,-490,5964,-5027,10579,-5292,12004,-15122,-5197,6142,-15719,-3237,8755,11494,1175,-11849,2917,-12994,8792,-8073,-8302,-3899,13095,-14185,-13339,2861,10186,-10048,14846,14303,-2494,
-3087,1284,-8025,-11513,622,-570,14280,-5671,6002,5638,2148,-2338,-3025,6638,-9210,1454,9520,1003,-160,-9261,-1861,-1925,13066,15541,3351,3379,-14081,-10391,-7687,-3246,8932,5768,13461,-769,-14744,-3250,4750,9172,-8813,15294,12506,-10724,2947,-12041,6050,7853,-7086,-4975,13441,-11307,-1609,-13737,15489,71,-15776,-13645,-14157,10148,-1145,-14517,4557,-5934,9083,-11764,-15259,13022,10939,-12265,-2660,11104,5066,-8204,-10890,-6892,2285,10118,11085,-11319,11861,10770,-1072,5853,-10330,915,-281,-1043,-4363,4249,
-7311,-7184,1405,484,-12001,-6139,-11460,10063,-5761,15602,-1625,4870,6740,-2659,-10233,-15261,12601,-13183,10952,-5192,5344,-1404,3124,-7872,-14320,5576,9858,2211,3556,-14310,-1079,-6802,-11961,1662,7113,12300,14156,7693,15737,5374,-14764,-10527,14010,-14912,12276,-12878,8686,13213,12144,2604,6329,-1879,3977,-66,4697,14287,7684,1402,9213,-13336,741,-605,3022,-1129,1850,11264,14440,7493,8145,-5432,307,-10358,2875,3616,-7366,-3336,-5113,6176,8402,-776,-12792,-10157,4439,-8266,-1630,-13245,-8845,10287,
4512,11134,15417,-11009,3721,-4253,574,9110,8552,-11040,5383,-6873,-5507,-4066,-12348,-12269,4411,9927,8876,-14475,-15587,6893,-13987,-641,14354,8815,5790,-5530,-10218,15267,8138,-9380,15398,-8348,6810,-13600,12068,-6147,10429,-5424,-190,8237,11138,-4709,-2029,15829,-11472,-3943,3157,2806,2625,10301,-14711,8947,9516,-5456,9767,15154,15289,-13426,15268,11510,-3478,1168,-5101,15882,13168,-1481,-15886,15563,-11263,9562,5359,9827,13705,-10538,-3629,-12168,12343,9161,-4734,-2105,12480,1845,940,9855,-12641,-5356,
-9251,-9236,-3874,14342,14641,-1526,-3803,-5628,-11455,-2463,-5702,-11680,15085,13442,-7174,1994,-3658,3494,-10736,-5157,-7693,2503,-6181,-15726,-12726,9508,-3486,5817,-13021,10475,-13931,8734,-15845,816,10011,11932,10922,4720,-10194,-10383,9675,-7812,8594,-12626,-121,-5080,-14728,-13745,-5693,-2857,12384,1222,-7860,3310,15539,-4897,11898,1866,-1048,-10645,-1624,2351,-1883,135,-12714,6587,1921,3541,-13607,-14082,6949,14736,-8436,-3387,-2609,-14277,4551,-1734,-4620,-12294,-9656,-8255,-8763,3722,6192,-546,4954,-13982,
9905,9025,10969,15084,8485,6218,3561,-7844,-4942,-2984,-12396,1180,-768,10918,12201,2950,4679,3360,-14597,-3909,-3236,12410,-4816,787,6984,13724,2626,-4104,-10882,-10374,7490,1366,11703,725,-10626,7169,13172,-4436,9058,-293,-2098,14208,-10157,-8140,-8191,6436,-11637,-4867,7103,5022,-2505,13862,1545,-11136,-2725,-10449,6986,-14134,-1617,3115,3122,-14879,-13760,4543,11780,-902,4702,-11388,12189,-14188,-3655,7913,-12639,-8644,9553,9340,-11926,3665,-3286,-5585,14968,-912,-441,8186,4801,-11396,10812,-11443,
14554,-4768,14570,-3344,-5888,7151,7280,-12407,-14502,4177,15085,-9348,15180,15232,9372,14695,9818,-10322,274,8769,6841,12607,13060,11309,-15897,-14829,-14703,15067,7410,4373,-5669,14425,-14666,5842,-5446,7771,9048,13253,-12378,-14336,-5523,3736,12630,6815,10604,-8494,114,-10280,4446,-2260,8438,-14682,-7845,-4024,10048,-6473,11984,2655,7277,11109,8111,-13208,11377,-15797,12218,10431,-15790,-5047,12437,-4554,-3499,12054,1254,5506,-1642,-2461,-1255,3317,15893,13412,9978,-706,15237,-1198,9521,11143,15717,10343,
-2608,-8653,-4478,11232,1925,283,702,2003,-13528,11731,-7100,4024,2307,-1257,8510,5883,1607,-14079,11491,-3886,3275,-3260,1953,2850,-3900,-1686,4613,-5586,-854,-18,10529,-1944,3367,5098,11775,877,14209,4,-10108,-7490,4162,11568,-14053,3898,15422,-13178,10221,-11037,5418,-14740,-7884,-7157,8262,5456,15223,-1537,-12250,-11753,7366,11148,171,-10932,-4805,-14673,8365,-11790,5306,-51,-5361,-14849,-5677,-14861,-2049,-5222,-887,-13053,-4488,14574,-1150,-12307,-15055,12138,12624,-14423,-2591,15797,7303,12433,
3538,-13098,6844,-4497,-12608,-10070,9069,2752,13681,-10686,15737,-15093,-10755,10936,15296,-1129,8867,-15687,-3940,11475,10413,1719,13842,-6487,-6650,1001,3701,2857,-14216,15481,-2365,-12825,-11003,-8431,-4270,4820,10429,3928,14943,-8833,-14277,-475,-1650,-4400,3459,9254,-2627,10567,-1677,4960,5525,-5700,2591,-744,-15445,-4644,-3378,-6053,1382,4040,4106,6907,-6797,6005,-2447,-13161,10885,4922,15121,-11330,-1327,660,-6213,7770,3000,1117,14624,10876,7236,2269,1363,6223,-2137,9326,-4380,14134,7320,2839,
7528,4419,-8471,2795,9215,9942,13580,15191,6130,9512,-12746,-2168,-9729,9760,10017,3155,12250,-7365,11903,-1742,7399,-8772,-14127,3622,-3131,-2799,-4683,-10855,8702,15438,5350,4579,782,-10875,8111,11507,10673,15288,9975,-113,-8571,-13130,4563,-15690,-11410,-6605,1179,12634,9961,-2886,-9307,3949,8622,2704,-14132,-12331,-204,-5323,1558,12459,13162,-6427,15675,-12206,-7401,13866,8859,-8960,-12598,-5843,13698,8431,10943,-2689,-4392,-969,-8465,-4334,751,10253,351,-8671,-4664,-14585,-10468,13173,3085,-13721,
-11695,5728,-1271,-2603,-2352,-3308,6061,-15209,-13613,-6480,2245,-11694,-12265,-2918,11900,2555,-6741,6506,-3329,-1965,-12637,5351,4391,-14116,-4841,-15288,-13682,1004,15011,5375,5405,9045,3085,-6465,9310,6320,-8132,-2484,-8621,8654,3822,-5456,1676,-2712,-1944,-14163,-11298,-4423,3028,13336,13482,-11647,-1980,4677,-11194,1012,6039,4871,365,6981,12666,-14771,5174,465,14083,-6752,10813,-5007,-6665,4774,8383,6395,-6838,1083,-1687,-12107,-5346,11126,488,12765,-589,-171,10746,-11921,-13934,15247,-7266,9292,
-10560,492,-11366,-11817,-13366,3891,15001,-14845,-12363,7602,8562,2914,-6969,3011,97,-3133,13046,15072,10036,-15187,-5113,4081,15425,15167,-3827,-1369,-8085,-11930,-2598,-11929,6113,2808,10000,552,-9269,1871,1557,-15942,1153,-5689,-14688,426,-2701,4581,-2519,-8291,225,-10748,-8419,-3717,-13885,-5171,11610,15487,11875,-1482,14726,-5282,3473,2606,3608,10002,-8062,10864,2216,-14765,713,1632,-5879,7261,-5237,-8070,12981,15808,-2085,-6636,-10324,-13615,-12859,15492,15542,13178,12781,2535,-11902,4970,11094,-1980,
-14586,-11746,3501,15388,7656,-5497,4538,3277,3576,-6480,14177,-4212,4142,-3077,4352,-11305,271,-9959,3124,-5846,-4168,4685,7750,-12733,7437,8580,-5368,-14718,-7400,13513,14889,12353,-7652,14660,7467,7191,-10029,11512,-7818,-833,-9391,-1782,7391,15736,5404,14006,-8440,768,-1763,14501,-3076,5070,-11636,-1007,11145,4023,6751,-4102,-6105,-5769,-11404,182,-4833,-15845,-4482,-2555,6595,4768,-7349,-11636,-14651,4029,-6349,3205,13164,4793,8347,-6262,-4701,435,9376,-8988,10945,-11627,-1835,-2840,-2920,-1259,
-9354,12005,6778,-9444,-5605,-6549,-5659,9861,-5369,10582,4104,1224,-1684,-3685,-4868,10483,1737,-14095,-13862,435,13133,-8840,5104,5260,10288,10087,8797,-13946,13700,-10791,-13709,1005,6386,-3685,-2560,-300,3432,-15203,3654,12821,-14451,8597,8408,-2803,14553,-7093,15123,-392,7735,-5022,-11557,-5813,-72,14946,15872,-2647,12319,-9875,4464,1733,-8950,-4250,12913,477,-1827,-10345,4738,-4917,-11253,-12185,7807,-4204,15838,4792,-6563,3030,-7801,-7100,12926,9970,13167,-5962,-743,1516,-3913,-9564,-846,9635,
-13349,3714,2813,-2108,-896,3857,6168,-10509,-13245,-7181,12010,-12848,6090,7871,-749,-14681,-2516,-4405,12092,-10302,12598,-1584,-947,-12775,14048,-5149,-8420,7720,-7692,11735,13530,-3983,-11424,-1634,11263,-554,-5690,-4470,-10931,-8716,-6150,4418,-10849,1429,-6533,4499,-138,-10202,14505,15635,2438,8921,10213,4653,-8348,13969,-12222,-5566,-11663,14864,-10380,-9549,-2527,10291,5161,-6278,9852,-13423,-2936,8723,10108,13096,13020,12859,3275,7274,-3058,6809,-8095,7941,4086,-14203,-378,-7952,-15808,-15122,2025,-10090,
-842,1776,14805,-5995,9248,-7536,-1400,-1145,4151,-9146,1501,-15733,4354,-5486,2025,-10203,4833,15528,10750,4078,-3620,-12660,4417,-8657,12579,1625,6731,12678,6073,-6868,13839,3144,-4394,15783,-2087,1926,-14235,-10143,7417,9646,-14191,-15458,-13905,7544,4313,3679,-15040,14510,11227,4662,7921,4070,10201,6937,4161,533,10993,-4613,14881,10534,-11244,-12216,2686,-12989,929,-1269,12691,-3444,2059,8722,15609,-7406,-13000,-562,-837,-14885,4798,-15693,-1111,-13964,-8277,14167,7176,-437,9083,11612,-1666,-5630,
9873,-5757,15810,3868,-4960,-9891,-13903,8584,5558,2396,13256,-11937,4377,-8922,14493,8151,-10382,-12483,10168,7065,-11482,-2523,-12357,-3139,12142,11805,9414,14837,-13151,-7098,-143,2968,-8526,-14448,14386,5062,-2517,12966,-12113,207,-11979,-4287,-15340,-13405,7379,-3067,754,9893,15473,8332,224,-13210,87,13748,8866,13606,7494,62,-10363,13620,10345,11259,-6646,6484,1583,2641,2563,14901,13163,9962,-12091,-1177,-11147,12512,9207,-6173,469,-11837,-3564,-6721,4442,-3721,-13803,-12830,759,8116,2020,10204,
-12511,-13693,11209,-9262,7367,-8939,-11043,-13773,14983,8607,13835,5428,6235,456,6752,-3286,7290,-7669,-14715,-5741,-5539,7264,-11183,-6874,-2992,-1473,6732,2384,12922,1247,13422,1466,11860,4549,-12675,6770,-3246,-13996,-10842,15263,-6880,10640,5299,-10946,1830,-15805,3860,-4476,13684,8244,5216,13431,5325,10715,160,14507,7969,11324,-5286,-10916,6513,-7531,7493,-14365,3894,1469,-828,12988,-15345,-14470,-9219,-993,3428,-14810,-12038,9166,-14823,-13476,9827,-6248,6589,3723,-8011,-4726,-3475,-3669,2284,1845,
1101,-2466,8691,12086,5339,5466,-14551,6939,14362,-2621,-12513,-6143,-3706,-4549,10368,13824,-5412,-13766,-7623,-14457,1269,8368,-7905,5394,-7193,-4469,-13437,-1858,7877,14058,905,-749,-6207,-12062,11860,2267,13707,-6445,14203,6870,13116,-3211,7727,9799,-12240,-14117,11470,8536,15049,-8478,-1718,8027,14509,5778,9056,-12948,-9829,-14917,-15906,4965,2884,-1814,-8844,3804,528,-1869,1962,-14228,-12607,-4017,3016,-2074,-12801,15136,6796,-13968,-12564,-6013,-12157,-9686,-13169,12379,4086,-1983,15604,14279,-14867,4866,
-10056,-3586,-2766,11729,8858,10441,15773,1868,-5808,-8104,2983,1169,-8370,10642,2478,2435,-13712,-2509,-6746,-12352,6775,-10757,1026,14255,5561,12080,13536,-5767,-11721,13179,236,1442,-1069,-10146,8586,4612,-1469,-5833,5126,-660,-4525,-14603,-10771,-11187,-9639,-11682,-988,1630,-1663,3095,-13666,10350,13446,-15074,-3389,4253,-12060,-6900,9164,14662,-2718,-10500,15523,12322,-6532,-8989,4532,6564,8352,2275,14326,-2074,2567,-11483,-15556,-15395,1974,-10191,13235,3801,-132,3463,13752,-7335,-15650,3544,-4880,4110,
-6034,8612,4752,-5802,-12597,-2799,4633,16002,-2735,15121,-1294,-4995,3915,-11897,14226,5813,11085,164,-9943,10954,-1456,8167,-14303,-3986,-10925,8766,-12737,-1092,4686,11852,-6566,-9412,15472,15865,9684,10068,-6134,6076,-7195,-6333,-3700,15813,2,4419,-2050,-11618,7599,-4526,-2579,-2742,11266,2759,-7091,-3078,-6173,13548,6312,-9257,11579,-6073,-10379,5249,-9223,-13746,11009,-3849,-14902,9615,-7041,-14541,7866,-13143,-12337,-880,8419,-5667,13699,13297,604,-12929,-8021,-5221,13007,6098,-5972,13861,-15890,-2621,
-5300,-1394,-8289,-7844,15464,-11594,3539,-7548,-2286,9761,-2954,-4806,-1009,-10995,-2380,4460,-614,2165,-15989,-4443,-11548,10207,9922,14032,8416,7376,-10706,5227,-12093,-15536,-2495,13128,2932,6216,6630,6622,-6446,-273,-4670,-12232,-9877,-2110,-8863,-12758,7140,-9092,-5146,-4767,-10503,-9451,9582,2305,8130,4161,5825,7325,-15426,-1666,4425,4754,12904,-7237,-4420,-15253,3443,6981,2873,-3320,2193,6806,11079,2508,10990,3698,3945,13618,15733,-2035,-1640,-11022,3849,-11164,12596,8276,-7168,8065,-10872,-6335,
5428,-14165,-6778,10480,-3326,-7804,6023,994,-6933,5414,-14012,-10931,-8457,2075,-8979,-7351,-12696,10954,-6430,-5203,-14835,14147,6958,-1002,-10034,-5710,-4224,-13286,-6023,-2272,10525,-10712,8098,9919,-15671,-8846,-14611,15052,-4905,-6276,9802,8894,14697,-6957,15483,14650,8115,-8832,-8373,-75,12001,-6634,12941,3045,2705,-11575,11734,5452,10382,10864,8470,5076,-8333,15939,-15716,-467,4085,10147,-1899,-7157,10608,13367,6565,-7338,6166,6002,3435,-10668,-12507,1151,628,15822,-4945,12667,-14053,-14314,-15013,-4225,
9568,-4044,-12823,3893,-15492,12198,6123,-2696,-4397,6393,-3733,7387,-11856,-11498,-8858,-4381,13054,1539,9206,15127,15657,-4648,-15837,2632,1090,-15880,-13863,764,-3076,9204,-13952,11814,10362,-3772,7197,15184,2197,-332,-15817,4846,6287,11568,13684,157,-15820,-14311,-5692,-11350,11343,8071,10135,-4933,-7615,7644,13699,7789,4598,7827,4709,-7639,-3482,1988,-1161,-4732,14108,-10098,-12375,-3775,-16014,-10180,-14009,5119,-13658,-4771,-5812,1720,-10006,-13321,-5357,-13889,-7933,-9552,9744,421,-11225,-3031,-8686,11405,
-4165,10932,-9936,1189,9872,6541,5481,-13497,-1314,1528,3326,8729,112,-4198,-6635,9478,-6445,1753,-2719,-13297,15841,-12458,3433,-13260,-13060,-10478,-10835,8066,8689,2443,10376,-6282,-11233,-9098,12095,-1017,-14252,-14976,14776,-13933,-13676,12056,-4196,-60,-13945,2046,1501,-14499,-4414,13313,242,46,-15723,13976,-15650,3342,-14070,2293,-15806,-6114,-13878,10358,-952,5920,10189,-10380,-11822,-3041,-3244,-15261,-117,-9552,-11873,-12504,-9909,-4304,-2679,-9492,15818,-1215,-5142,-4446,5663,-9496,14386,9529,-12481,13201,
8799,-4596,-4289,-13018,5933,-11557,-6106,1734,7240,11548,852,-5093,9157,-6447,-6570,-887,-9616,1300,-208,8162,-7980,-8447,2582,-10283,-11067,-10740,-12621,-4615,11185,6075,12159,-1025,-14373,-8846,-389,-2418,2792,-1742,7138,1159,-8865,2584,-13514,12598,-10463,-2960,-1550,2476,7226,6170,-1146,11526,-4330,11288,-6839,13311,-4193,2474,10462,2086,9202,5766,11056,12799,-14721,1845,-679,3098,14101,8905,7903,-12398,-8730,-11518,-6570,-2824,-6350,15861,-3670,9640,-14084,-14099,4645,4197,-2955,14486,-3817,14701,
-5246,-11148,2986,-4465,-1232,-7036,-1119,-5585,-1430,2305,-12874,7990,-14436,14931,11161,9745,-14575,-10422,5003,7506,1934,213,601,5531,-1068,-4980,-4710,11624,1286,-1022,-4995,-15796,3353,-15374,-2276,14926,8834,-7465,13302,-10808,-13732,6852,-10179,-13807,3750,15136,-7155,15506,-1072,-975,-6268,-10092,5614,-3917,-2976,-1761,-14061,-4153,10245,10955,-2994,11908,-11829,-831,-8750,-4549,5935,-14007,-4902,1160,-4613,-11713,7145,-5343,-9514,3457,-9316,-2532,-6118,-5986,-10118,-14340,1198,971,-2932,13662,14896,-8545,
-1578,12404,-10748,-10117,-4896,1105,-6712,-10323,5026,3508,-1548,-11860,-12377,11388,-7640,-11496,-11361,3413,4484,9427,-9013,-8142,-7222,8157,-9782,-15491,8178,-8930,-4460,9213,12848,-4364,4683,-7323,-2202,-2690,-9147,10345,-8626,-14854,-9671,-3842,3404,-1084,-9953,-14270,11671,5165,-11929,-92,8181,818,-10648,-13396,15883,-1152,-15841,9664,7699,-5332,-3836,8995,8666,-1187,15968,14256,-2515,15727,-5161,7027,-13278,-12309,9413,-11221,-930,14986,465,3669,2284,12707,-451,3292,6615,-10953,4497,7871,-4957,-153,
-7976,-2640,5590,6980,-488,-3129,-9784,1466,6237,-12760,14883,-10998,6851,-1061,2087,861,-13350,-1696,8849,12392,-1972,-9509,-8635,-10145,12950,-3774,2484,-10819,-12056,1130,-13878,3977,-14853,5035,-12862,-6715,15464,-4514,-14375,4674,-13645,-2719,8253,-5046,-9521,-10659,15412,14595,14076,-237,-15484,-12396,3526,7591,-8229,-4935,-1980,14526,-3430,-7060,7567,15757,8130,-4243,-3493,-14780,8786,9810,-8726,-13281,1859,-13881,-7630,-3300,10783,-15681,-14346,-1948,7811,-131,-3495,-15464,7954,-5691,14509,-12523,12135,-10388,
4260,5359,-4688,4167,1240,3321,-3338,-7401,-5973,-5332,-9402,14996,-15445,-2,-614,10538,-1976,-13828,10646,-10135,12138,6019,-15966,1185,9358,4820,1887,10610,4151,-2253,14240,-7559,1228,-13611,-8641,-14584,2517,-7367,3083,2842,-1521,-12800,-922,6369,-5686,-1620,-1772,7763,-12564,4992,-6512,-3809,-11386,218,8688,6782,525,-13362,-2017,-3229,6784,-8094,-3772,-2620,16002,-7352,7704,-977,12065,13608,13568,8408,-2223,13477,-13097,-13337,14969,4779,-9257,5102,-11027,15707,-12076,-10920,-7285,2960,5979,9561,
5145,-711,-5562,-9394,-14705,12754,8313,-9359,13682,10604,60,-1838,-12681,3938,-2663,-1031,7966,-1970,-9235,15818,6784,6440,-6065,4345,-14485,-5507,2183,-3960,-4048,11281,15551,9808,-659,9771,11393,6036,7207,-4256,12049,-15977,-16002,10739,-10189,-561,4895,14731,4450,-10718,-10950,12510,1700,-1191,-1722,-10617,4630,5129,-15596,-9024,-1543,-13872,7358,11559,2199,3072,1722,6298,9808,4160,-1073,12103,5904,-549,-2092,2104,-7824,-14607,9548,-14877,-6441,14548,13013,6700,2459,-2486,12158,-9607,1903,1738,
-13608,-2903,-10706,15327,5314,10749,3599,-14288,-12421,8296,-12276,-1097,-8139,4248,-11172,4426,4593,-13476,-7960,12312,12388,-7849,-15393,7832,10752,-9610,-15386,-10310,-4961,13880,3796,10824,-8254,-1435,4281,-808,7639,-12255,-12556,351,3849,-14121,-12339,10,2111,13255,-6931,1887,5512,-8125,-2662,12283,4110,10291,10833,10660,8910,15862,-14753,4082,-4028,15769,2191,1056,14620,-13195,15761,240,-1231,10976,-10962,6600,-7478,-13251,7694,-7467,-13304,-15101,-13252,3122,-3176,-704,-7129,-3485,-3330,-1608,-5616,-11706,
3866,-14437,-4943,489,15850,-8122,-142,12513,12763,2600,-1234,1493,3390,-10411,14719,-9451,12591,-9297,12805,5769,13923,15217,-5499,10521,-8058,237,-13125,2182,-1489,-2402,52,-15463,-5953,-6775,-3574,-2670,-4056,-7533,-3663,2825,-5333,-2650,394,4211,-1232,2154,-1129,12298,3347,-4608,5894,-5509,13499,14488,12764,-8768,9682,-14429,14835,8872,-6449,-2455,-495,2746,3260,15070,14641,1427,11006,6081,-14585,3926,11741,-4422,4477,2065,-3779,15345,-9404,-14675,12587,1204,-13513,15106,5234,-10827,9521,4484,
-14014,-2518,9486,15267,10484,12015,-9116,-3365,10200,1781,5635,8637,-4988,4328,15637,14748,-2061,-3216,1418,7476,-10055,-12591,-10147,-9842,-14417,-4067,2176,-800,-9584,-12625,-7261,-11757,-13718,4691,-10988,3606,-11651,5790,-5135,3811,-9186,14750,14283,2297,2637,-10927,1914,7631,-12121,-6200,7478,15160,-2515,15948,15502,9476,-9048,-7849,7921,14165,-3550,-6023,10007,12383,5528,5293,8551,5556,-1434,12996,-15803,-13860,7429,-7065,-15664,-3991,74,6700,-10007,-6902,14245,-2608,-6998,15327,-7572,1756,15911,-12339,
-7213,-6393,11032,10190,686,-1465,-4169,4940,12298,15808,2650,-12903,5729,-8293,11541,-9110,-14985,-10741,-4025,-13239,-10959,6219,-553,-4848,-2177,3447,-12842,2984,-772,-14207,-13756,80,14914,-15888,2796,2700,998,-14257,7733,4854,2840,4957,-2827,-12345,-11950,10834,5908,11151,-6467,-5376,-15209,3846,14135,2966,9857,-2597,3339,-2542,-9357,-6578,-7894,-8015,-5549,9921,-9335,15449,-4789,-176,-11055,-14911,14244,2149,6592,2625,-8249,-6124,1396,-14927,9683,-1304,-1750,-14179,-14037,-3438,9148,-4725,12092,8265,
2134,1368,14300,5901,-966,-9807,-6957,4078,-11530,-3621,-9724,310,-4587,1174,-7337,-14648,4999,-7876,-7101,7158,10334,-8906,10218,-7753,-657,-13028,6898,-10374,9731,-9011,12971,1249,-13745,8786,-1049,1683,-14851,-13482,-5200,5214,11484,1972,3655,12030,-4891,8586,-5296,1556,6073,-13447,-5711,13526,-1000,9441,1143,6567,-8615,8917,-7749,-2003,14856,-2303,14884,6696,-2740,14815,-9969,7184,4656,8726,910,10573,-13970,719,-8305,2458,-1361,-11834,13292,786,195,9808,7378,15443,-15302,7347,-7143,-9152,
-292,-15175,-7376,13204,8504,4965,4996,-1590,14241,9910,-4467,4783,-11751,-12384,-6844,-6528,112,12646,13121,-13626,-1614,2206,-14696,-13703,-7479,-2625,-13003,7499,9966,-12962,-13591,13895,15883,-6665,10263,7236,-13074,-14671,-8840,11115,8924,9569,-3218,-3895,4433,-7621,7855,6656,7669,3573,10289,-2293,-6230,8165,-11106,9634,-4000,-15559,15193,4949,14175,-12934,-790,6198,-770,5974,9185,-6650,-7590,-2801,-2281,9439,4153,-1948,8327,1024,12397,1652,-15938,-2997,-13631,-5174,-15093,-1888,-1785,1606,15138,-6439,
