OWNED_PID=3089
3089 (ps) R 1552 1422 1422 0 -1 4194304 366 0 0 0 0 0 0 0 20 0 1 0 19009 11505664 1019 18446744073709551615 101131612917760 101131612982785 140735433723424 0 0 0 0 0 1938947833 0 0 0 17 10 0 0 0 0 0 101131613008496 101131613024904 101132171091968 140735433727479 140735433727515 140735433727515 140735433727984 0
pid:[4026531836]

OWNED_PID=3094
3094 (ps) R 1552 1422 1422 0 -1 4194304 361 0 0 0 0 0 0 0 20 0 1 0 19015 11505664 1020 18446744073709551615 105374581686272 105374581751297 140728846181936 0 0 0 0 0 1938947833 0 0 0 17 10 0 0 0 0 0 105374581777008 105374581793416 105375068168192 140728846183927 140728846183963 140728846183963 140728846184432 0
pid:[4026531836]
/bin/ps -axo pid=,pgid=,rss=,state= 
OWNED_PID=3099
3099 (ps) R 1552 1422 1422 0 -1 4194304 355 0 0 0 0 0 0 0 20 0 1 0 19020 11505664 1020 18446744073709551615 98891520122880 98891520187905 140732827581680 0 0 0 0 0 1938947833 0 0 0 17 10 0 0 0 0 0 98891520213616 98891520230024 98891687788544 140732827586039 140732827586075 140732827586075 140732827586544 0
pid:[4026531836]
/bin/ps -axo pid=,pgid=,rss=,state= 
OWNED_PID=3125
3125 (ps) R 1552 1422 1422 0 -1 4194304 362 0 0 0 0 0 0 0 20 0 1 0 19082 11505664 1031 18446744073709551615 95712263057408 95712263122433 140726026430272 0 0 0 0 0 1938947833 0 0 0 17 10 0 0 0 0 0 95712263148144 95712263164552 95713266085888 140726026436087 140726026436123 140726026436123 140726026436592 0
pid:[4026531836]
/bin/ps -axo pid=,pgid=,rss=,state= 
OWNED_PID=3151
3151 (ps) R 1552 1422 1422 0 -1 4194304 364 0 0 0 0 0 0 0 20 0 1 0 19144 11505664 1035 18446744073709551615 104562262302720 104562262367745 140723595431744 0 0 0 0 0 1938947833 0 0 0 17 9 0 0 0 0 0 104562262393456 104562262409864 104562810470400 140723595439607 140723595439643 140723595439643 140723595440112 0
pid:[4026531836]
/bin/ps -axo pid=,pgid=,rss=,state= 
OWNED_PID=3177
3177 (ps) R 1552 1422 1422 0 -1 4194304 367 0 0 0 0 0 0 0 20 0 1 0 19206 11505664 1031 18446744073709551615 100184036667392 100184036732417 140723756228992 0 0 0 0 0 1938947833 0 0 0 17 9 0 0 0 0 0 100184036758128 100184036774536 100184252174336 140723756236279 140723756236315 140723756236315 140723756236784 0
pid:[4026531836]

OWNED_PID=3182
3182 (ps) R 1552 1422 1422 0 -1 4194304 217 0 0 0 0 0 0 0 20 0 1 0 19212 10772480 876 18446744073709551615 101694716563456 101694716628481 140727275421984 0 0 0 0 0 1938947833 0 0 0 17 4 0 0 0 0 0 101694716654192 101694716670600 101694850576384 140727275425271 140727275425307 140727275425307 140727275425776 0
pid:[4026531836]
/bin/ps -axo pid=,pgid=,rss=,state= 
OWNED_PID=3208
3208 (ps) R 1552 1422 1422 0 -1 4194304 364 0 0 0 0 0 0 0 20 0 1 0 19273 11505664 1020 18446744073709551615 96429802708992 96429802774017 140725497169440 0 0 0 0 0 1938947833 0 0 0 17 1 0 0 0 0 0 96429802799728 96429802816136 96430283337728 140725497171447 140725497171483 140725497171483 140725497171952 0
pid:[4026531836]
/bin/ps -axo pid=,pgid=,rss=,state= 
OWNED_PID=3234
3234 (ps) R 1552 1422 1422 0 -1 4194304 365 0 0 0 0 0 0 0 20 0 1 0 19335 11505664 1014 18446744073709551615 101204632702976 101204632768001 140734717237088 0 0 0 0 0 1938947833 0 0 0 17 1 0 0 0 0 0 101204632793712 101204632810120 101205272395776 140734717238775 140734717238811 140734717238811 140734717239280 0
pid:[4026531836]

OWNED_PID=3239
3239 (ps) R 1552 1422 1422 0 -1 4194304 363 0 0 0 0 0 0 0 20 0 1 0 19341 11505664 1015 18446744073709551615 107669957259264 107669957324289 140733200919584 0 0 0 0 0 1938947833 0 0 0 17 4 0 0 0 0 0 107669957350000 107669957366408 107670394920960 140733200924151 140733200924187 140733200924187 140733200924656 0
pid:[4026531836]
/bin/ps -axo pid=,pgid=,rss=,state= 
OWNED_PID=3265
3265 (ps) R 1552 1422 1422 0 -1 4194304 166 0 0 0 0 0 0 0 20 0 1 0 19403 10309632 737 18446744073709551615 93927475970048 93927476035073 140730761315024 0 0 0 0 0 1938947833 0 0 0 17 1 0 0 0 0 0 93927476060784 93927476077192 93928255172608 140730761321975 140730761322011 140730761322011 140730761322480 0
pid:[4026531836]
/bin/ps -axo pid=,pgid=,rss=,state= 
OWNED_PID=3291
3291 (ps) R 1552 1422 1422 0 -1 4194304 363 0 0 0 0 0 0 0 20 0 1 0 19465 11505664 1034 18446744073709551615 98330701852672 98330701917697 140728067060688 0 0 0 0 0 1938947833 0 0 0 17 10 0 0 0 0 0 98330701943408 98330701959816 98331693813760 140728067067383 140728067067419 140728067067419 140728067067888 0
pid:[4026531836]
/bin/ps -axo pid=,pgid=,rss=,state= 
OWNED_PID=3317
3317 (ps) R 1552 1422 1422 0 -1 4194304 365 0 0 0 0 0 0 0 20 0 1 0 19526 11505664 1015 18446744073709551615 96619129114624 96619129179649 140731463584080 0 0 0 0 0 1938947833 0 0 0 17 11 0 0 0 0 0 96619129205360 96619129221768 96619814723584 140731463585271 140731463585307 140731463585307 140731463585776 0
pid:[4026531836]

OWNED_PID=3322
3322 (ps) R 1552 1422 1422 0 -1 4194304 362 0 0 0 0 0 0 0 20 0 1 0 19532 11505664 1016 18446744073709551615 100278216806400 100278216871425 140733363383008 0 0 0 0 0 1938947833 0 0 0 17 1 0 0 0 0 0 100278216897136 100278216913544 100279119855616 140733363387895 140733363387931 140733363387931 140733363388400 0
pid:[4026531836]
/bin/ps -axo pid=,pgid=,rss=,state= 
OWNED_PID=3348
3348 (ps) R 1552 1422 1422 0 -1 4194304 188 0 0 0 0 0 0 0 20 0 1 0 19594 10534912 773 18446744073709551615 110490280050688 110490280115713 140736718057552 0 0 0 0 0 1938947833 0 0 0 17 10 0 0 0 0 0 110490280141424 110490280157832 110491066068992 140736718065143 140736718065179 140736718065179 140736718065648 0
pid:[4026531836]
/bin/ps -axo pid=,pgid=,rss=,state= 
OWNED_PID=3374
3374 (ps) R 1552 1422 1422 0 -1 4194304 363 0 0 0 0 0 0 0 20 0 1 0 19656 11505664 1019 18446744073709551615 102267282722816 102267282787841 140729108306000 0 0 0 0 0 1938947833 0 0 0 17 1 0 0 0 0 0 102267282813552 102267282829960 102268333830144 140729108311543 140729108311579 140729108311579 140729108312048 0
pid:[4026531836]
/bin/ps -axo pid=,pgid=,rss=,state= 
OWNED_PID=3400
3400 (ps) Z 1552 1422 1422 0 -1 4227084 379 0 0 0 0 0 0 0 20 0 1 0 19718 0 0 18446744073709551615 0 0 0 0 0 0 0 0 1938947833 1 0 0 17 1 0 0 0 0 0 0 0 0 0 0 0 0 0
bash: line 11: /proc/3400/cmdline: No such file or directory

OWNED_PID=3405
3405 (ps) R 1552 1422 1422 0 -1 4194304 370 0 0 0 0 0 0 0 20 0 1 0 19723 11505664 1020 18446744073709551615 98177740709888 98177740774913 140733215833600 0 0 0 0 0 1938947833 0 0 0 17 1 0 0 0 0 0 98177740800624 98177740817032 98178491588608 140733215841783 140733215841819 140733215841819 140733215842288 0
pid:[4026531836]

OWNED_PID=3410
3410 (ps) R 1552 1422 1422 0 -1 4194304 197 0 0 0 0 0 0 0 20 0 1 0 19729 10534912 820 18446744073709551615 97818145325056 97818145390081 140724113519808 0 0 0 0 0 1938947833 0 0 0 17 1 0 0 0 0 0 97818145415792 97818145432200 97818572820480 140724113526263 140724113526299 140724113526299 140724113526768 0
pid:[4026531836]
/bin/ps -axo pid=,pgid=,rss=,state= 
OWNED_PID=3434
3434 (ps) Z 1552 1422 1422 0 -1 4227084 380 0 0 0 0 0 0 0 20 0 1 0 19785 0 0 18446744073709551615 0 0 0 0 0 0 0 0 1938947833 1 0 0 17 10 0 0 0 0 0 0 0 0 0 0 0 0 0
bash: line 11: /proc/3434/cmdline: No such file or directory

OWNED_PID=3439
3439 (ps) R 1552 1422 1422 0 -1 4194304 369 0 0 0 0 0 0 0 20 0 1 0 19791 11505664 1020 18446744073709551615 96682891669504 96682891734529 140735793019504 0 0 0 0 0 1938947833 0 0 0 17 10 0 0 0 0 0 96682891760240 96682891776648 96683684798464 140735793024503 140735793024539 140735793024539 140735793025008 0
pid:[4026531836]

OWNED_PID=3444
3444 (ps) R 1552 1422 1422 0 -1 4194304 362 0 0 0 0 0 0 0 20 0 1 0 19797 11505664 1035 18446744073709551615 102773743333376 102773743398401 140731227192880 0 0 0 0 0 1938947833 0 0 0 17 10 0 0 0 0 0 102773743424112 102773743440520 102774476767232 140731227196919 140731227196955 140731227196955 140731227197424 0
pid:[4026531836]
/bin/ps -axo pid=,pgid=,rss=,state= 
OWNED_PID=3470
3470 (ps) R 1552 1422 1422 0 -1 4194304 365 0 0 0 0 0 0 0 20 0 1 0 19858 11505664 1035 18446744073709551615 106240991006720 106240991071745 140734202700304 0 0 0 0 0 1938947833 0 0 0 17 10 0 0 0 0 0 106240991097456 106240991113864 106241148600320 140734202703351 140734202703387 140734202703387 140734202703856 0
pid:[4026531836]

OWNED_PID=3475
3475 (ps) R 1552 1422 1422 0 -1 4194304 221 0 0 0 0 0 0 0 20 0 1 0 19864 11505664 908 18446744073709551615 99452164382720 99452164447745 140722757206048 0 0 0 0 0 1938947833 0 0 0 17 1 0 0 0 0 0 99452164473456 99452164489864 99453188354048 140722757213687 140722757213723 140722757213723 140722757214192 0
pid:[4026531836]
/bin/ps -axo pid=,pgid=,rss=,state= 
OWNED_PID=3499
3499 (ps) Z 1552 1422 1422 0 -1 4227084 380 0 0 0 0 0 0 0 20 0 1 0 19920 0 0 18446744073709551615 0 0 0 0 0 0 0 0 1938947833 1 0 0 17 1 0 0 0 0 0 0 0 0 0 0 0 0 0
bash: line 11: /proc/3499/cmdline: No such file or directory

OWNED_PID=3504
3504 (ps) R 1552 1422 1422 0 -1 4194304 365 0 0 0 0 0 0 0 20 0 1 0 19926 11505664 1019 18446744073709551615 105216759865344 105216759930369 140734932235232 0 0 0 0 0 1938947833 0 0 0 17 1 0 0 0 0 0 105216759956080 105216759972488 105217453776896 140734932237815 140734932237851 140734932237851 140734932238320 0
pid:[4026531836]
/bin/ps -axo pid=,pgid=,rss=,state= 
OWNED_PID=3509
3509 (ps) R 1552 1422 1422 0 -1 4194304 145 0 0 0 0 0 0 0 20 0 1 0 19932 9928704 676 18446744073709551615 104046922100736 104046922165761 140727282115696 0 0 0 0 0 0 0 0 0 17 1 0 0 0 0 0 104046922191472 104046922207880 104047106826240 140727282122231 140727282122267 140727282122267 140727282122736 0
pid:[4026531836]
/bin/ps -axo pid=,pgid=,rss=,state= 
OWNED_PID=3535
3535 (ps) R 1552 1422 1422 0 -1 4194304 362 0 0 0 0 0 0 0 20 0 1 0 19994 11505664 1019 18446744073709551615 103284622794752 103284622859777 140732376700304 0 0 0 0 0 1938947833 0 0 0 17 10 0 0 0 0 0 103284622885488 103284622901896 103285382987776 140732376702455 140732376702491 140732376702491 140732376702960 0
pid:[4026531836]
/bin/ps -axo pid=,pgid=,rss=,state= 
OWNED_PID=3540
3540 (ps) R 1552 1422 1422 0 -1 4194304 217 0 0 0 0 0 0 0 20 0 1 0 19999 10772480 859 18446744073709551615 95969068658688 95969068723713 140721051561488 0 0 0 0 0 1938947833 0 0 0 17 10 0 0 0 0 0 95969068749424 95969068765832 95969763614720 140721051569655 140721051569691 140721051569691 140721051570160 0
pid:[4026531836]
/bin/ps -axo pid=,pgid=,rss=,state= 
OWNED_PID=3566
3566 (ps) R 1552 1422 1422 0 -1 4194304 361 0 0 0 0 0 0 0 20 0 1 0 20061 11505664 1019 18446744073709551615 101615204528128 101615204593153 140720796940640 0 0 0 0 0 1938947833 0 0 0 17 1 0 0 0 0 0 101615204618864 101615204635272 101615995428864 140720796941815 140720796941851 140720796941851 140720796942320 0
pid:[4026531836]

OWNED_PID=3571
3571 (ps) R 1552 1422 1422 0 -1 4194304 217 0 0 0 0 0 0 0 20 0 1 0 20067 10772480 860 18446744073709551615 108783096078336 108783096143361 140726067566416 0 0 0 0 0 1938947833 0 0 0 17 1 0 0 0 0 0 108783096169072 108783096185480 108783203926016 140726067572215 140726067572251 140726067572251 140726067572720 0
pid:[4026531836]
/bin/ps -axo pid=,pgid=,rss=,state= 
OWNED_PID=3595
3595 (ps) R 1552 1422 1422 0 -1 4194304 372 0 0 0 0 0 0 0 20 0 1 0 20123 11505664 1018 18446744073709551615 105707243302912 105707243367937 140734845942240 0 0 0 0 0 1938947833 0 0 0 17 10 0 0 0 0 0 105707243393648 105707243410056 105707626237952 140734845943287 140734845943323 140734845943323 140734845943792 0
pid:[4026531836]

OWNED_PID=3600
3600 (ps) R 1552 1422 1422 0 -1 4194304 363 0 0 0 0 0 0 0 20 0 1 0 20129 11505664 1020 18446744073709551615 95723842076672 95723842141697 140726410628048 0 0 0 0 0 1938947833 0 0 0 17 1 0 0 0 0 0 95723842167408 95723842183816 95723845525504 140726410632695 140726410632731 140726410632731 140726410633200 0
pid:[4026531836]

OWNED_PID=3605
3605 (ps) R 1552 1422 1422 0 -1 4194304 190 0 0 0 0 0 0 0 20 0 1 0 20134 10534912 774 18446744073709551615 106746779639808 106746779704833 140722128822688 0 0 0 0 0 1938947833 0 0 0 17 1 0 0 0 0 0 106746779730544 106746779746952 106747609874432 140722128825847 140722128825883 140722128825883 140722128826352 0
pid:[4026531836]
/bin/ps -axo pid=,pgid=,rss=,state= 
OWNED_PID=3631
3631 (ps) R 1552 1422 1422 0 -1 4194304 363 0 0 0 0 0 0 0 20 0 1 0 20196 11505664 1034 18446744073709551615 108876670865408 108876670930433 140726324206256 0 0 0 0 0 1938947833 0 0 0 17 10 0 0 0 0 0 108876670956144 108876670972552 108876698820608 140726324207095 140726324207131 140726324207131 140726324207600 0
pid:[4026531836]
/bin/ps -axo pid=,pgid=,rss=,state= 
OWNED_PID=3657
3657 (ps) R 1552 1422 1422 0 -1 4194304 364 0 0 0 0 0 0 0 20 0 1 0 20258 11505664 1032 18446744073709551615 108350451941376 108350452006401 140726001455008 0 0 0 0 0 1938947833 0 0 0 17 9 0 0 0 0 0 108350452032112 108350452048520 108350585810944 140726001462775 140726001462811 140726001462811 140726001463280 0
pid:[4026531836]
/bin/ps -axo pid=,pgid=,rss=,state= 
OWNED_PID=3683
3683 (ps) R 1552 1422 1422 0 -1 4194304 362 0 0 0 0 0 0 0 20 0 1 0 20320 11505664 1035 18446744073709551615 99771775320064 99771775385089 140736345668384 0 0 0 0 0 1938947833 0 0 0 17 9 0 0 0 0 0 99771775410800 99771775427208 99771975847936 140736345673207 140736345673243 140736345673243 140736345673712 0
pid:[4026531836]
/bin/ps -axo pid=,pgid=,rss=,state= 
OWNED_PID=3709
3709 (ps) R 1552 1422 1422 0 -1 4194304 364 0 0 0 0 0 0 0 20 0 1 0 20382 11505664 1014 18446744073709551615 95605820928000 95605820993025 140729272349472 0 0 0 0 0 1938947833 0 0 0 17 9 0 0 0 0 0 95605821018736 95605821035144 95606264479744 140729272352247 140729272352283 140729272352283 140729272352752 0
pid:[4026531836]

OWNED_PID=3714
3714 (ps) R 1552 1422 1422 0 -1 4194304 182 0 0 0 0 0 0 0 20 0 1 0 20388 10342400 792 18446744073709551615 110425370357760 110425370422785 140729801888128 0 0 0 0 0 1938947833 0 0 0 17 9 0 0 0 0 0 110425370448496 110425370464904 110425984049152 140729801895415 140729801895451 140729801895451 140729801895920 0
pid:[4026531836]
/bin/ps -axo pid=,pgid=,rss=,state= 
OWNED_PID=3740
3740 (ps) R 1552 1422 1422 0 -1 4194304 213 0 0 0 0 0 0 0 20 0 1 0 20450 10772480 856 18446744073709551615 110077871079424 110077871144449 140728519023232 0 0 0 0 0 1938947833 0 0 0 17 10 0 0 0 0 0 110077871170160 110077871186568 110078029504512 140728519024119 140728519024155 140728519024155 140728519024624 0
pid:[4026531836]
/bin/ps -axo pid=,pgid=,rss=,state= 
OWNED_PID=3766
3766 (ps) R 1552 1422 1422 0 -1 4194304 319 0 0 0 0 0 0 0 20 0 1 0 20512 11505664 983 18446744073709551615 109680330723328 109680330788353 140731980795840 0 0 0 0 0 1938947833 0 0 0 17 9 0 0 0 0 0 109680330814064 109680330830472 109680976900096 140731980803575 140731980803611 140731980803611 140731980804080 0
pid:[4026531836]
/bin/ps -axo pid=,pgid=,rss=,state= 
OWNED_PID=3792
3792 (ps) R 1552 1422 1422 0 -1 4194304 364 0 0 0 0 0 0 0 20 0 1 0 20573 11505664 1019 18446744073709551615 102789704110080 102789704175105 140735470992704 0 0 0 0 0 1938947833 0 0 0 17 11 0 0 0 0 0 102789704200816 102789704217224 102789914537984 140735470996983 140735470997019 140735470997019 140735470997488 0
pid:[4026531836]

OWNED_PID=3797
3797 (ps) R 1552 1422 1422 0 -1 4194304 147 0 0 0 0 0 0 0 20 0 1 0 20579 9945088 708 18446744073709551615 101728337088512 101728337153537 140733686596752 0 0 0 0 0 0 0 0 0 17 10 0 0 0 0 0 101728337179248 101728337195656 101729232461824 140733686599159 140733686599195 140733686599195 140733686599664 0
pid:[4026531836]
/bin/ps -axo pid=,pgid=,rss=,state= 
OWNED_PID=3823
3823 (ps) R 1552 1422 1422 0 -1 4194304 247 0 0 0 0 0 0 0 20 0 1 0 20641 11505664 908 18446744073709551615 96320124575744 96320124640769 140733040446528 0 0 0 0 0 1938947833 0 0 0 17 9 0 0 0 0 0 96320124666480 96320124682888 96320574410752 140733040455159 140733040455195 140733040455195 140733040455664 0
pid:[4026531836]
/bin/ps -axo pid=,pgid=,rss=,state= 
OWNED_PID=3847
3847 (ps) Z 1552 1422 1422 0 -1 4227084 380 0 0 0 0 0 0 0 20 0 1 0 20697 0 0 18446744073709551615 0 0 0 0 0 0 0 0 1938947833 1 0 0 17 10 0 0 0 0 0 0 0 0 0 0 0 0 0
bash: line 11: /proc/3847/cmdline: No such file or directory

OWNED_PID=3852
3852 (ps) R 1552 1422 1422 0 -1 4194304 366 0 0 0 0 0 0 0 20 0 1 0 20703 11505664 1015 18446744073709551615 107371627622400 107371627687425 140726062934032 0 0 0 0 0 1938947833 0 0 0 17 1 0 0 0 0 0 107371627713136 107371627729544 107372444090368 140726062935543 140726062935579 140726062935579 140726062936048 0
pid:[4026531836]
bash: line 11: /proc/3852/cmdline: No such file or directory

OWNED_PID=3857
3857 (ps) R 1552 1422 1422 0 -1 4194304 362 0 0 0 0 0 0 0 20 0 1 0 20709 11505664 1019 18446744073709551615 99394398527488 99394398592513 140733558767008 0 0 0 0 0 1938947833 0 0 0 17 10 0 0 0 0 0 99394398618224 99394398634632 99394956328960 140733558771191 140733558771227 140733558771227 140733558771696 0
pid:[4026531836]
/bin/ps -axo pid=,pgid=,rss=,state= 
OWNED_PID=3883
3883 (ps) R 1552 1422 1422 0 -1 4194304 364 0 0 0 0 0 0 0 20 0 1 0 20771 11505664 1015 18446744073709551615 104315457785856 104315457850881 140728315761392 0 0 0 0 0 1938947833 0 0 0 17 11 0 0 0 0 0 104315457876592 104315457893000 104315585515520 140728315768311 140728315768347 140728315768347 140728315768816 0
pid:[4026531836]
/bin/ps -axo pid=,pgid=,rss=,state= 
OWNED_PID=3888
3888 (ps) R 1552 1422 1422 0 -1 4194304 363 0 0 0 0 0 0 0 20 0 1 0 20776 11505664 1020 18446744073709551615 96346720948224 96346721013249 140734057825440 0 0 0 0 0 1938947833 0 0 0 17 1 0 0 0 0 0 96346721038960 96346721055368 96347552178176 140734057831927 140734057831963 140734057831963 140734057832432 0
pid:[4026531836]
/bin/ps -axo pid=,pgid=,rss=,state= 
OWNED_PID=3914
3914 (ps) R 1552 1422 1422 0 -1 4194304 365 0 0 0 0 0 0 0 20 0 1 0 20838 11505664 1018 18446744073709551615 101984316801024 101984316866049 140735463764000 0 0 0 0 0 1938947833 0 0 0 17 1 0 0 0 0 0 101984316891760 101984316908168 101984825475072 140735463767543 140735463767579 140735463767579 140735463768048 0
pid:[4026531836]

OWNED_PID=3940
3940 (ps) R 1552 1422 1422 0 -1 4194304 362 0 0 0 0 0 0 0 20 0 1 0 20900 11505664 1036 18446744073709551615 103360333295616 103360333360641 140730401892880 0 0 0 0 0 1938947833 0 0 0 17 1 0 0 0 0 0 103360333386352 103360333402760 103360595574784 140730401897975 140730401898011 140730401898011 140730401898480 0
pid:[4026531836]
/bin/ps -axo pid=,pgid=,rss=,state= 
OWNED_PID=3964
3964 (ps) Z 1552 1422 1422 0 -1 4227084 383 0 0 0 0 0 0 0 20 0 1 0 20956 0 0 18446744073709551615 0 0 0 0 0 0 0 0 1938947833 1 0 0 17 9 0 0 0 0 0 0 0 0 0 0 0 0 0
bash: line 11: /proc/3964/cmdline: No such file or directory

OWNED_PID=3969
3969 (ps) R 1552 1422 1422 0 -1 4194304 367 0 0 0 0 0 0 0 20 0 1 0 20962 11505664 1019 18446744073709551615 109768626708480 109768626773505 140721579053776 0 0 0 0 0 1938947833 0 0 0 17 9 0 0 0 0 0 109768626799216 109768626815624 109769535692800 140721579060727 140721579060763 140721579060763 140721579061232 0
pid:[4026531836]

OWNED_PID=3974
3974 (ps) R 1552 1422 1422 0 -1 4194304 304 0 0 0 0 0 0 0 20 0 1 0 20968 11505664 956 18446744073709551615 99417388064768 99417388129793 140732690736336 0 0 0 0 0 1938947833 0 0 0 17 9 0 0 0 0 0 99417388155504 99417388171912 99417500807168 140732690738679 140732690738715 140732690738715 140732690739184 0
pid:[4026531836]
/bin/ps -axo pid=,pgid=,rss=,state= 
OWNED_PID=3998
3998 (ps) R 1552 1422 1422 0 -1 4194304 370 0 0 0 0 0 0 0 20 0 1 0 21024 11505664 1015 18446744073709551615 104210139164672 104210139229697 140734977958224 0 0 0 0 0 1938947833 0 0 0 17 9 0 0 0 0 0 104210139255408 104210139271816 104210232463360 140734977961463 140734977961499 140734977961499 140734977961968 0
pid:[4026531836]

OWNED_PID=4003
4003 (ps) R 1552 1422 1422 0 -1 4194304 365 0 0 0 0 0 0 0 20 0 1 0 21030 11505664 1033 18446744073709551615 105522176032768 105522176097793 140732591072800 0 0 0 0 0 1938947833 0 0 0 17 9 0 0 0 0 0 105522176123504 105522176139912 105523032281088 140732591078903 140732591078939 140732591078939 140732591079408 0
pid:[4026531836]

OWNED_PID=4029
4029 (ps) R 1552 1422 1422 0 -1 4194304 361 0 0 0 0 0 0 0 20 0 1 0 21092 11505664 1031 18446744073709551615 102570888835072 102570888900097 140729131016912 0 0 0 0 0 1938947833 0 0 0 17 9 0 0 0 0 0 102570888925808 102570888942216 102571943755776 140729131019767 140729131019803 140729131019803 140729131020272 0
pid:[4026531836]
/bin/ps -axo pid=,pgid=,rss=,state= 
OWNED_PID=4053
4053 (ps) Z 1552 1422 1422 0 -1 4227084 380 0 0 0 0 0 0 0 20 0 1 0 21148 0 0 18446744073709551615 0 0 0 0 0 0 0 0 1938947833 1 0 0 17 10 0 0 0 0 0 0 0 0 0 0 0 0 0
bash: line 11: /proc/4053/cmdline: No such file or directory

OWNED_PID=4058
4058 (ps) R 1552 1422 1422 0 -1 4194304 367 0 0 0 0 0 0 0 20 0 1 0 21154 11505664 1018 18446744073709551615 95417159528448 95417159593473 140737032333136 0 0 0 0 0 1938947833 0 0 0 17 1 0 0 0 0 0 95417159619184 95417159635592 95418076655616 140737032338935 140737032338971 140737032338971 140737032339440 0
pid:[4026531836]

OWNED_PID=4105
4105 (ps) R 1552 1422 1422 0 -1 4194304 365 0 0 0 0 0 0 0 20 0 1 0 21272 11505664 1020 18446744073709551615 103914977120256 103914977185281 140735717418464 0 0 0 0 0 1938947833 0 0 0 17 1 0 0 0 0 0 103914977210992 103914977227400 103915764371456 140735717420535 140735717420571 140735717420571 140735717421040 0
pid:[4026531836]

OWNED_PID=4110
4110 (ps) R 1552 1422 1422 0 -1 4194304 324 0 0 0 0 0 0 0 20 0 1 0 21278 11505664 987 18446744073709551615 102492599595008 102492599660033 140725581244800 0 0 0 0 0 1938947833 0 0 0 17 1 0 0 0 0 0 102492599685744 102492599702152 102493092880384 140725581245943 140725581245979 140725581245979 140725581246448 0
pid:[4026531836]
/bin/ps -axo pid=,pgid=,rss=,state= 
OWNED_PID=4134
4134 (ps) Z 1552 1422 1422 0 -1 4227084 381 0 0 0 0 0 0 0 20 0 1 0 21334 0 0 18446744073709551615 0 0 0 0 0 0 0 0 1938947833 1 0 0 17 9 0 0 0 0 0 0 0 0 0 0 0 0 0
bash: line 11: /proc/4134/cmdline: No such file or directory

OWNED_PID=4139
4139 (ps) R 1552 1422 1422 0 -1 4194304 366 0 0 0 0 0 0 0 20 0 1 0 21340 11505664 1015 18446744073709551615 101553704054784 101553704119809 140734256117648 0 0 0 0 0 1938947833 0 0 0 17 9 0 0 0 0 0 101553704145520 101553704161928 101554282139648 140734256123383 140734256123419 140734256123419 140734256123888 0
pid:[4026531836]

OWNED_PID=4144
4144 (ps) R 1552 1422 1422 0 -1 4194304 218 0 0 0 0 0 0 0 20 0 1 0 21346 10911744 860 18446744073709551615 102400255885312 102400255950337 140731556950528 0 0 0 0 0 1938947833 0 0 0 17 1 0 0 0 0 0 102400255976048 102400255992456 102401161363456 140731556957687 140731556957723 140731556957723 140731556958192 0
pid:[4026531836]
/bin/ps -axo pid=,pgid=,rss=,state= 
OWNED_PID=4168
4168 (ps) Z 1552 1422 1422 0 -1 4227084 382 0 0 0 0 0 0 0 20 0 1 0 21402 0 0 18446744073709551615 0 0 0 0 0 0 0 0 1938947833 1 0 0 17 11 0 0 0 0 0 0 0 0 0 0 0 0 0
bash: line 11: /proc/4168/cmdline: No such file or directory

OWNED_PID=4173
4173 (ps) R 1552 1422 1422 0 -1 4194304 367 0 0 0 0 0 0 0 20 0 1 0 21408 11505664 1020 18446744073709551615 94564951388160 94564951453185 140721950112736 0 0 0 0 0 1938947833 0 0 0 17 3 0 0 0 0 0 94564951478896 94564951495304 94565882548224 140721950121463 140721950121499 140721950121499 140721950121968 0
pid:[4026531836]

OWNED_PID=4178
4178 (ps) R 1552 1422 1422 0 -1 4194304 215 0 0 0 0 0 0 0 20 0 1 0 21413 10772480 860 18446744073709551615 109557166366720 109557166431745 140723489382960 0 0 0 0 0 1938947833 0 0 0 17 2 0 0 0 0 0 109557166457456 109557166473864 109558164070400 140723489385975 140723489386011 140723489386011 140723489386480 0
pid:[4026531836]
/bin/ps -axo pid=,pgid=,rss=,state= 
OWNED_PID=4226
4226 (ps) R 1552 1422 1422 0 -1 4194304 363 0 0 0 0 0 0 0 20 0 1 0 21532 11505664 1031 18446744073709551615 99560746536960 99560746601985 140726954252144 0 0 0 0 0 1938947833 0 0 0 17 1 0 0 0 0 0 99560746627696 99560746644104 99560866254848 140726954257911 140726954257947 140726954257947 140726954258416 0
pid:[4026531836]
/bin/ps -axo pid=,pgid=,rss=,state= 
OWNED_PID=4250
4250 (ps) Z 1552 1422 1422 0 -1 4227084 379 0 0 0 0 0 0 0 20 0 1 0 21588 0 0 18446744073709551615 0 0 0 0 0 0 0 0 1938947833 1 0 0 17 2 0 0 0 0 0 0 0 0 0 0 0 0 0
bash: line 11: /proc/4250/cmdline: No such file or directory

OWNED_PID=4255
4255 (ps) R 1552 1422 1422 0 -1 4194304 365 0 0 0 0 0 0 0 20 0 1 0 21594 11505664 1019 18446744073709551615 94650751418368 94650751483393 140734817500672 0 0 0 0 0 1938947833 0 0 0 17 1 0 0 0 0 0 94650751509104 94650751525512 94651157147648 140734817504759 140734817504795 140734817504795 140734817505264 0
pid:[4026531836]

OWNED_PID=4281
4281 (ps) R 1552 1422 1422 0 -1 4194304 324 0 0 0 0 0 0 0 20 0 1 0 21656 11505664 986 18446744073709551615 96678907281408 96678907346433 140734814143280 0 0 0 0 0 1938947833 0 0 0 17 11 0 0 0 0 0 96678907372144 96678907388552 96679541780480 140734814146039 140734814146075 140734814146075 140734814146544 0
pid:[4026531836]
/bin/ps -axo pid=,pgid=,rss=,state= 
OWNED_PID=4305
4305 (ps) R 1552 1422 1422 0 -1 4194304 374 0 0 0 0 0 0 0 20 0 1 0 21713 11505664 1019 18446744073709551615 110237393154048 110237393219073 140737116710768 0 0 0 0 0 1938947833 0 0 0 17 11 0 0 0 0 0 110237393244784 110237393261192 110237625745408 140737116716535 140737116716571 140737116716571 140737116717040 0
pid:[4026531836]
bash: line 11: /proc/4305/cmdline: No such file or directory

OWNED_PID=4310
4310 (ps) R 1552 1422 1422 0 -1 4194304 365 0 0 0 0 0 0 0 20 0 1 0 21718 11505664 1022 18446744073709551615 101234114232320 101234114297345 140725903214256 0 0 0 0 0 1938947833 0 0 0 17 1 0 0 0 0 0 101234114323056 101234114339464 101235019821056 140725903220215 140725903220251 140725903220251 140725903220720 0
pid:[4026531836]
/bin/ps -axo pid=,pgid=,rss=,state= 
OWNED_PID=4336
4336 (ps) R 1552 1422 1422 0 -1 4194304 363 0 0 0 0 0 0 0 20 0 1 0 21780 11505664 1031 18446744073709551615 104358183452672 104358183517697 140726402492672 0 0 0 0 0 1938947833 0 0 0 17 1 0 0 0 0 0 104358183543408 104358183559816 104358364741632 140726402498039 140726402498075 140726402498075 140726402498544 0
pid:[4026531836]

OWNED_PID=4341
4341 (ps) R 1552 1422 1422 0 -1 4194304 287 0 0 0 0 0 0 0 20 0 1 0 21786 11505664 956 18446744073709551615 105492414615552 105492414680577 140723903286016 0 0 0 0 0 1938947833 0 0 0 17 1 0 0 0 0 0 105492414706288 105492414722696 105493358276608 140723903286775 140723903286811 140723903286811 140723903287280 0
pid:[4026531836]
/bin/ps -axo pid=,pgid=,rss=,state= 
OWNED_PID=4367
4367 (ps) R 1552 1422 1422 0 -1 4194304 364 0 0 0 0 0 0 0 20 0 1 0 21848 11505664 1020 18446744073709551615 101951554043904 101951554108929 140731039790512 0 0 0 0 0 1938947833 0 0 0 17 1 0 0 0 0 0 101951554134640 101951554151048 101952350326784 140731039796727 140731039796763 140731039796763 140731039797232 0
pid:[4026531836]
/bin/ps -axo pid=,pgid=,rss=,state= 
OWNED_PID=4393
4393 (ps) R 1552 1422 1422 0 -1 4194304 364 0 0 0 0 0 0 0 20 0 1 0 21910 11505664 1020 18446744073709551615 100980282937344 100980283002369 140733386679824 0 0 0 0 0 1938947833 0 0 0 17 1 0 0 0 0 0 100980283028080 100980283044488 100980340797440 140733386685943 140733386685979 140733386685979 140733386686448 0
pid:[4026531836]
/bin/ps -axo pid=,pgid=,rss=,state= 
OWNED_PID=4419
4419 (ps) R 1552 1422 1422 0 -1 4194304 344 0 0 0 0 0 0 0 20 0 1 0 21972 11505664 988 18446744073709551615 98218352156672 98218352221697 140727295904400 0 0 0 0 0 1938947833 0 0 0 17 4 0 0 0 0 0 98218352247408 98218352263816 98219402633216 140727295909367 140727295909403 140727295909403 140727295909872 0
pid:[4026531836]
/bin/ps -axo pid=,pgid=,rss=,state= 
OWNED_PID=4445
4445 (ps) R 1552 1422 1422 0 -1 4194304 365 0 0 0 0 0 0 0 20 0 1 0 22033 11505664 1020 18446744073709551615 95368394240000 95368394305025 140727281914176 0 0 0 0 0 1938947833 0 0 0 17 1 0 0 0 0 0 95368394330736 95368394347144 95368639463424 140727281921527 140727281921563 140727281921563 140727281922032 0
pid:[4026531836]
/bin/ps -axo pid=,pgid=,rss=,state= 
OWNED_PID=4471
4471 (ps) R 1552 1422 1422 0 -1 4194304 368 0 0 0 0 0 0 0 20 0 1 0 22095 11505664 1033 18446744073709551615 103494913363968 103494913428993 140720986257840 0 0 0 0 0 1938947833 0 0 0 17 12 0 0 0 0 0 103494913454704 103494913471112 103495935434752 140720986263031 140720986263067 140720986263067 140720986263536 0
pid:[4026531836]

OWNED_PID=4476
4476 (ps) R 1552 1422 1422 0 -1 4194304 360 0 0 0 0 0 0 0 20 0 1 0 22101 11505664 1020 18446744073709551615 105702061834240 105702061899265 140724103535376 0 0 0 0 0 1938947833 0 0 0 17 10 0 0 0 0 0 105702061924976 105702061941384 105702144815104 140724103536119 140724103536155 140724103536155 140724103536624 0
pid:[4026531836]
/bin/ps -axo pid=,pgid=,rss=,state= 
OWNED_PID=4502
4502 (ps) R 1552 1422 1422 0 -1 4194304 195 0 0 0 0 0 0 0 20 0 1 0 22163 10534912 820 18446744073709551615 102116909195264 102116909260289 140737441210464 0 0 0 0 0 1938947833 0 0 0 17 1 0 0 0 0 0 102116909286000 102116909302408 102117670973440 140737441218039 140737441218075 140737441218075 140737441218544 0
pid:[4026531836]
/bin/ps -axo pid=,pgid=,rss=,state= 
OWNED_PID=4526
4526 (ps) R 1552 1422 1422 0 -1 4194304 365 0 0 0 0 0 0 0 20 0 1 0 22220 11505664 1036 18446744073709551615 103073234042880 103073234107905 140733705575200 0 0 0 0 0 1938947833 0 0 0 17 1 0 0 0 0 0 103073234133616 103073234150024 103073879310336 140733705580023 140733705580059 140733705580059 140733705580528 0
pid:[4026531836]

OWNED_PID=4552
4552 (ps) R 1552 1422 1422 0 -1 4194304 365 0 0 0 0 0 0 0 20 0 1 0 22281 11505664 1020 18446744073709551615 109872295067648 109872295132673 140722041001760 0 0 0 0 0 1938947833 0 0 0 17 1 0 0 0 0 0 109872295158384 109872295174792 109873306116096 140722041003511 140722041003547 140722041003547 140722041004016 0
pid:[4026531836]

OWNED_PID=4557
4557 (ps) R 1552 1422 1422 0 -1 4194304 360 0 0 0 0 0 0 0 20 0 1 0 22287 11505664 1020 18446744073709551615 102822336339968 102822336404993 140726339193776 0 0 0 0 0 1938947833 0 0 0 17 1 0 0 0 0 0 102822336430704 102822336447112 102822432800768 140726339194359 140726339194395 140726339194395 140726339194864 0
pid:[4026531836]
/bin/ps -axo pid=,pgid=,rss=,state= 
OWNED_PID=4581
4581 (ps) R 1552 1422 1422 0 -1 4194304 372 0 0 0 0 0 0 0 20 0 1 0 22344 11505664 1020 18446744073709551615 106002208755712 106002208820737 140736868173200 0 0 0 0 0 1938947833 0 0 0 17 1 0 0 0 0 0 106002208846448 106002208862856 106002992492544 140736868179447 140736868179483 140736868179483 140736868179952 0
pid:[4026531836]
bash: line 11: /proc/4581/cmdline: No such file or directory

OWNED_PID=4586
4586 (ps) R 1552 1422 1422 0 -1 4194304 362 0 0 0 0 0 0 0 20 0 1 0 22349 11505664 1016 18446744073709551615 108406471090176 108406471155201 140720366522064 0 0 0 0 0 1938947833 0 0 0 17 11 0 0 0 0 0 108406471180912 108406471197320 108406619754496 140720366525943 140720366525979 140720366525979 140720366526448 0
pid:[4026531836]
/bin/ps -axo pid=,pgid=,rss=,state= 
OWNED_PID=4610
4610 (ps) R 1552 1422 1422 0 -1 4194304 368 0 0 0 0 0 0 0 20 0 1 0 22406 11505664 1020 18446744073709551615 107509295218688 107509295283713 140725513983808 0 0 0 0 0 1938947833 0 0 0 17 6 0 0 0 0 0 107509295309424 107509295325832 107510173454336 140725513989623 140725513989659 140725513989659 140725513990128 0
pid:[4026531836]

OWNED_PID=4615
4615 (ps) R 1552 1422 1422 0 -1 4194304 362 0 0 0 0 0 0 0 20 0 1 0 22412 11505664 1020 18446744073709551615 97371832647680 97371832712705 140728422034848 0 0 0 0 0 1938947833 0 0 0 17 6 0 0 0 0 0 97371832738416 97371832754824 97371973623808 140728422039031 140728422039067 140728422039067 140728422039536 0
pid:[4026531836]
/bin/ps -axo pid=,pgid=,rss=,state= 
OWNED_PID=4641
4641 (ps) R 1552 1422 1422 0 -1 4194304 170 0 0 0 0 0 0 0 20 0 1 0 22474 10309632 726 18446744073709551615 100775972265984 100775972331009 140732418779920 0 0 0 0 0 1938947833 0 0 0 17 6 0 0 0 0 0 100775972356720 100775972373128 100776030998528 140732418780663 140732418780699 140732418780699 140732418781168 0
pid:[4026531836]
/bin/ps -axo pid=,pgid=,rss=,state= 
OWNED_PID=4665
4665 (ps) Z 1552 1422 1422 0 -1 4227084 383 0 0 0 0 0 0 0 20 0 1 0 22530 0 0 18446744073709551615 0 0 0 0 0 0 0 0 1938947833 1 0 0 17 6 0 0 0 0 0 0 0 0 0 0 0 0 0
bash: line 11: /proc/4665/cmdline: No such file or directory

OWNED_PID=4670
4670 (ps) R 1552 1422 1422 0 -1 4194304 369 0 0 0 0 0 0 0 20 0 1 0 22536 11505664 1020 18446744073709551615 101836733612032 101836733677057 140733991477472 0 0 0 0 0 1938947833 0 0 0 17 6 0 0 0 0 0 101836733702768 101836733719176 101837704122368 140733991484919 140733991484955 140733991484955 140733991485424 0
pid:[4026531836]

OWNED_PID=4675
4675 (ps) R 1552 1422 1422 0 -1 4194304 364 0 0 0 0 0 0 0 20 0 1 0 22542 11505664 1033 18446744073709551615 104724936785920 104724936850945 140730935465280 0 0 0 0 0 1938947833 0 0 0 17 6 0 0 0 0 0 104724936876656 104724936893064 104725670621184 140730935471607 140730935471643 140730935471643 140730935472112 0
pid:[4026531836]
/bin/ps -axo pid=,pgid=,rss=,state= 
OWNED_PID=4699
bash: line 11: /proc/4699/cmdline: No such file or directory

OWNED_PID=4704
4704 (ps) R 1552 1422 1422 0 -1 4194304 371 0 0 0 0 0 0 0 20 0 1 0 22604 11505664 1019 18446744073709551615 100698296619008 100698296684033 140724308718832 0 0 0 0 0 1938947833 0 0 0 17 6 0 0 0 0 0 100698296709744 100698296726152 100699363540992 140724308725239 140724308725275 140724308725275 140724308725744 0
bash: line 11: /proc/4704/cmdline: No such file or directory

OWNED_PID=4709
4709 (ps) R 1552 1422 1422 0 -1 4194304 361 0 0 0 0 0 0 0 20 0 1 0 22609 11505664 1019 18446744073709551615 101551319564288 101551319629313 140725179211440 0 0 0 0 0 1938947833 0 0 0 17 6 0 0 0 0 0 101551319655024 101551319671432 101551954198528 140725179215351 140725179215387 140725179215387 140725179215856 0
pid:[4026531836]
/bin/ps -axo pid=,pgid=,rss=,state= 
OWNED_PID=4735
4735 (ps) R 1552 1422 1422 0 -1 4194304 366 0 0 0 0 0 0 0 20 0 1 0 22671 11505664 1032 18446744073709551615 96567342968832 96567343033857 140729688023936 0 0 0 0 0 1938947833 0 0 0 17 6 0 0 0 0 0 96567343059568 96567343075976 96567421161472 140729688030711 140729688030747 140729688030747 140729688031216 0
pid:[4026531836]

OWNED_PID=4740
4740 (ps) R 1552 1422 1422 0 -1 4194304 191 0 0 0 0 0 0 0 20 0 1 0 22677 10534912 819 18446744073709551615 97878096285696 97878096350721 140726667571184 0 0 0 0 0 1938947833 0 0 0 17 6 0 0 0 0 0 97878096376432 97878096392840 97878869508096 140726667574775 140726667574811 140726667574811 140726667575280 0
pid:[4026531836]
/bin/ps -axo pid=,pgid=,rss=,state= 
OWNED_PID=4766
4766 (ps) R 1552 1422 1422 0 -1 4194304 363 0 0 0 0 0 0 0 20 0 1 0 22739 11505664 1014 18446744073709551615 100681775894528 100681775959553 140734415333056 0 0 0 0 0 1938947833 0 0 0 17 6 0 0 0 0 0 100681775985264 100681776001672 100682236309504 140734415334903 140734415334939 140734415334939 140734415335408 0
pid:[4026531836]

OWNED_PID=4792
4792 (ps) R 1552 1422 1422 0 -1 4194304 372 0 0 0 0 0 0 0 20 0 1 0 22801 11505664 1016 18446744073709551615 93847858634752 93847858699777 140734918761344 0 0 0 0 0 1938947833 0 0 0 17 10 0 0 0 0 0 93847858725488 93847858741896 93848481759232 140734918766071 140734918766107 140734918766107 140734918766576 0
bash: line 11: /proc/4792/cmdline: No such file or directory

OWNED_PID=4797
4797 (ps) R 1552 1422 1422 0 -1 4194304 364 0 0 0 0 0 0 0 20 0 1 0 22806 11505664 1020 18446744073709551615 100174441730048 100174441795073 140727013035504 0 0 0 0 0 1938947833 0 0 0 17 6 0 0 0 0 0 100174441820784 100174441837192 100174874890240 140727013039607 140727013039643 140727013039643 140727013040112 0
pid:[4026531836]

OWNED_PID=4802
4802 (ps) R 1552 1422 1422 0 -1 4194304 195 0 0 0 0 0 0 0 20 0 1 0 22812 10534912 835 18446744073709551615 109739405402112 109739405467137 140729778491264 0 0 0 0 0 1938947833 0 0 0 17 9 0 0 0 0 0 109739405492848 109739405509256 109739497775104 140729778499063 140729778499099 140729778499099 140729778499568 0
pid:[4026531836]
/bin/ps -axo pid=,pgid=,rss=,state= 
OWNED_PID=4828
4828 (ps) R 1552 1422 1422 0 -1 4194304 371 0 0 0 0 0 0 0 20 0 1 0 22874 11505664 1033 18446744073709551615 107752064667648 107752064732673 140731238880448 0 0 0 0 0 1938947833 0 0 0 17 14 0 0 0 0 0 107752064758384 107752064774792 107753082064896 140731238886903 140731238886939 140731238886939 140731238887408 0
pid:[4026531836]

OWNED_PID=4833
4833 (ps) R 1552 1422 1422 0 -1 4194304 363 0 0 0 0 0 0 0 20 0 1 0 22879 11505664 1016 18446744073709551615 97952862957568 97952863022593 140732113086880 0 0 0 0 0 1938947833 0 0 0 17 14 0 0 0 0 0 97952863048304 97952863064712 97953904271360 140732113087991 140732113088027 140732113088027 140732113088496 0
pid:[4026531836]

OWNED_PID=4838
4838 (ps) R 1552 1422 1422 0 -1 4194304 248 0 0 0 0 0 0 0 20 0 1 0 22885 11505664 903 18446744073709551615 98053752209408 98053752274433 140730924375104 0 0 0 0 0 1938947833 0 0 0 17 14 0 0 0 0 0 98053752300144 98053752316552 98053925957632 140730924383735 140730924383771 140730924383771 140730924384240 0
pid:[4026531836]
/bin/ps -axo pid=,pgid=,rss=,state= 
OWNED_PID=4862
bash: line 11: /proc/4862/cmdline: No such file or directory

OWNED_PID=4867
4867 (ps) Z 1552 1422 1422 0 -1 4227084 379 0 0 0 0 0 0 0 20 0 1 0 22947 0 0 18446744073709551615 0 0 0 0 0 0 0 0 1938947833 1 0 0 17 14 0 0 0 0 0 0 0 0 0 0 0 0 0
bash: line 11: /proc/4867/cmdline: No such file or directory

OWNED_PID=4872
4872 (ps) R 1552 1422 1422 0 -1 4194304 365 0 0 0 0 0 0 0 20 0 1 0 22952 11505664 1031 18446744073709551615 108821005811712 108821005876737 140735183147200 0 0 0 0 0 1938947833 0 0 0 17 14 0 0 0 0 0 108821005902448 108821005918856 108821522300928 140735183154679 140735183154715 140735183154715 140735183155184 0
pid:[4026531836]
/bin/ps -axo pid=,pgid=,rss=,state= 
OWNED_PID=4898
4898 (ps) R 1552 1422 1422 0 -1 4194304 368 0 0 0 0 0 0 0 20 0 1 0 23014 11505664 1020 18446744073709551615 104052777562112 104052777627137 140735701541056 0 0 0 0 0 1938947833 0 0 0 17 14 0 0 0 0 0 104052777652848 104052777669256 104052984655872 140735701544439 140735701544475 140735701544475 140735701544944 0
pid:[4026531836]

OWNED_PID=4903
4903 (ps) R 1552 1422 1422 0 -1 4194304 362 0 0 0 0 0 0 0 20 0 1 0 23020 11505664 1020 18446744073709551615 99814986584064 99814986649089 140736729994272 0 0 0 0 0 1938947833 0 0 0 17 14 0 0 0 0 0 99814986674800 99814986691208 99815110881280 140736729996791 140736729996827 140736729996827 140736729997296 0
pid:[4026531836]
/bin/ps -axo pid=,pgid=,rss=,state= 
OWNED_PID=4929
4929 (ps) R 1552 1422 1422 0 -1 4194304 369 0 0 0 0 0 0 0 20 0 1 0 23082 11505664 1032 18446744073709551615 107479979732992 107479979798017 140723694871456 0 0 0 0 0 1938947833 0 0 0 17 14 0 0 0 0 0 107479979823728 107479979840136 107480112443392 140723694878199 140723694878235 140723694878235 140723694878704 0
pid:[4026531836]

OWNED_PID=4934
4934 (ps) R 1552 1422 1422 0 -1 4194304 361 0 0 0 0 0 0 0 20 0 1 0 23087 11505664 1020 18446744073709551615 105784694640640 105784694705665 140723395410016 0 0 0 0 0 1938947833 0 0 0 17 8 0 0 0 0 0 105784694731376 105784694747784 105785007026176 140723395415543 140723395415579 140723395415579 140723395416048 0
pid:[4026531836]
/bin/ps -axo pid=,pgid=,rss=,state= 
OWNED_PID=4960
4960 (ps) R 1552 1422 1422 0 -1 4194304 365 0 0 0 0 0 0 0 20 0 1 0 23149 11505664 1019 18446744073709551615 94492539744256 94492539809281 140720828944912 0 0 0 0 0 1938947833 0 0 0 17 14 0 0 0 0 0 94492539834992 94492539851400 94493063434240 140720828952055 140720828952091 140720828952091 140720828952560 0
pid:[4026531836]
/bin/ps -axo pid=,pgid=,rss=,state= 
OWNED_PID=4965
4965 (ps) R 1552 1422 1422 0 -1 4194304 217 0 0 0 0 0 0 0 20 0 1 0 23155 10772480 860 18446744073709551615 110314887204864 110314887269889 140734267189248 0 0 0 0 0 1938947833 0 0 0 17 14 0 0 0 0 0 110314887295600 110314887312008 110315912093696 140734267194871 140734267194907 140734267194907 140734267195376 0
pid:[4026531836]
/bin/ps -axo pid=,pgid=,rss=,state= 
OWNED_PID=4989
4989 (ps) R 1552 1422 1422 0 -1 4194304 373 0 0 0 0 0 0 0 20 0 1 0 23212 11505664 1019 18446744073709551615 94478931128320 94478931193345 140728314613648 0 0 0 0 0 1938947833 0 0 0 17 14 0 0 0 0 0 94478931219056 94478931235464 94479346032640 140728314621431 140728314621467 140728314621467 140728314621936 0
pid:[4026531836]
bash: line 11: /proc/4989/cmdline: No such file or directory

OWNED_PID=4994
4994 (ps) R 1552 1422 1422 0 -1 4194304 361 0 0 0 0 0 0 0 20 0 1 0 23217 11505664 1016 18446744073709551615 98585065050112 98585065115137 140723372214768 0 0 0 0 0 1938947833 0 0 0 17 0 0 0 0 0 0 98585065140848 98585065157256 98585760641024 140723372215799 140723372215835 140723372215835 140723372216304 0
pid:[4026531836]
/bin/ps -axo pid=,pgid=,rss=,state= 
OWNED_PID=5020
5020 (ps) R 1552 1422 1422 0 -1 4194304 372 0 0 0 0 0 0 0 20 0 1 0 23279 11505664 1033 18446744073709551615 107874078912512 107874078977537 140724652971680 0 0 0 0 0 1938947833 0 0 0 17 14 0 0 0 0 0 107874079003248 107874079019656 107874752729088 140724652973559 140724652973595 140724652973595 140724652974064 0
pid:[4026531836]
bash: line 11: /proc/5020/cmdline: No such file or directory

2026-09-10T02:53:44,765258143+00:00
MainPID=1422
ExecMainStatus=0
ControlGroup=/system.slice/jc2-f10-quotient-actual-execution-20260910.service
ActiveState=active
SubState=running
InvocationID=6be0073ff4f048208f20e1e92f567337
