2026-09-10T02:59:10,680474745+00:00
2026-09-10T02:59:23,532833275+00:00
OWNED_PID=13363
13363 (ps) R 1552 1422 1422 0 -1 4194304 360 0 0 0 0 0 0 0 20 0 1 0 57162 11505664 1031 18446744073709551615 94373776818176 94373776883201 140722738817552 0 0 0 0 0 1938947833 0 0 0 17 3 0 0 0 0 0 94373776908912 94373776925320 94373881024512 140722738818551 140722738818587 140722738818587 140722738819056 0
pid:[4026531836]
/bin/ps -axo pid=,pgid=,rss=,state= 
2026-09-10T02:59:23,589541636+00:00
OWNED_PID=13369
13369 (ps) R 1552 1422 1422 0 -1 4194304 362 0 0 0 0 0 0 0 20 0 1 0 57167 11505664 1020 18446744073709551615 103412317085696 103412317150721 140730826544880 0 0 0 0 0 1938947833 0 0 0 17 10 0 0 0 0 0 103412317176432 103412317192840 103412910870528 140730826546679 140730826546715 140730826546715 140730826547184 0
pid:[4026531836]
/bin/ps -axo pid=,pgid=,rss=,state= 
2026-09-10T02:59:38,197392617+00:00
OWNED_PID=13916
13916 (ps) R 1552 1422 1422 0 -1 4194304 363 0 0 0 0 0 0 0 20 0 1 0 58628 11505664 1020 18446744073709551615 109512872378368 109512872443393 140722710672224 0 0 0 0 0 1938947833 0 0 0 17 10 0 0 0 0 0 109512872469104 109512872485512 109513219891200 140722710674935 140722710674971 140722710674971 140722710675440 0
pid:[4026531836]

2026-09-10T02:59:38,254324571+00:00
OWNED_PID=13922
13922 (ps) R 1552 1422 1422 0 -1 4194304 362 0 0 0 0 0 0 0 20 0 1 0 58634 11505664 1016 18446744073709551615 99813014224896 99813014289921 140726895947008 0 0 0 0 0 1938947833 0 0 0 17 10 0 0 0 0 0 99813014315632 99813014332040 99813424287744 140726895951351 140726895951387 140726895951387 140726895951856 0
pid:[4026531836]
/bin/ps -axo pid=,pgid=,rss=,state= 
2026-09-10T02:59:45,299396323+00:00
OWNED_PID=14188
14188 (ps) R 1552 1422 1422 0 -1 4194304 362 0 0 0 0 0 0 0 20 0 1 0 59338 11505664 1020 18446744073709551615 94388508860416 94388508925441 140731489307344 0 0 0 0 0 1938947833 0 0 0 17 11 0 0 0 0 0 94388508951152 94388508967560 94389343354880 140731489308151 140731489308187 140731489308187 140731489308656 0
pid:[4026531836]

2026-09-10T02:59:48,850453684+00:00
OWNED_PID=14324
14324 (ps) R 1552 1422 1422 0 -1 4194304 361 0 0 0 0 0 0 0 20 0 1 0 59693 11505664 1034 18446744073709551615 107946478051328 107946478116353 140723800917072 0 0 0 0 0 1938947833 0 0 0 17 10 0 0 0 0 0 107946478142064 107946478158472 107947046006784 140723800919543 140723800919579 140723800919579 140723800920048 0
pid:[4026531836]
/bin/ps -axo pid=,pgid=,rss=,state= 
2026-09-10T02:59:54,406258724+00:00
MainPID=1422
ExecMainStatus=0
ControlGroup=/system.slice/jc2-f10-quotient-actual-execution-20260910.service
ActiveState=active
SubState=running
InvocationID=6be0073ff4f048208f20e1e92f567337
