2026-09-10T02:55:25,577378821+00:00
2026-09-10T02:55:45,682887400+00:00
OWNED_PID=7697
7697 (ps) R 1552 1422 1422 0 -1 4194304 362 0 0 0 0 0 0 0 20 0 1 0 35377 11505664 1020 18446744073709551615 101744543440896 101744543505921 140737277298240 0 0 0 0 0 1938947833 0 0 0 17 14 0 0 0 0 0 101744543531632 101744543548040 101745216208896 140737277300215 140737277300251 140737277300251 140737277300720 0
pid:[4026531836]
/bin/ps -axo pid=,pgid=,rss=,state= 
2026-09-10T02:56:03,423449593+00:00
OWNED_PID=8361
8361 (ps) R 1552 1422 1422 0 -1 4194304 362 0 0 0 0 0 0 0 20 0 1 0 37151 11505664 1019 18446744073709551615 94257354625024 94257354690049 140724433822736 0 0 0 0 0 1938947833 0 0 0 17 14 0 0 0 0 0 94257354715760 94257354732168 94258066612224 140724433825271 140724433825307 140724433825307 140724433825776 0
pid:[4026531836]
/bin/ps -axo pid=,pgid=,rss=,state= 
2026-09-10T02:56:09,287720638+00:00
MainPID=1422
ExecMainStatus=0
ControlGroup=/system.slice/jc2-f10-quotient-actual-execution-20260910.service
ActiveState=active
SubState=running
InvocationID=6be0073ff4f048208f20e1e92f567337
