2026-09-10T02:57:24,556963748+00:00
2026-09-10T02:57:26,358044908+00:00
OWNED_PID=10098
10098 (ps) R 1552 1422 1422 0 -1 4194304 363 0 0 0 0 0 0 0 20 0 1 0 45444 11505664 1020 18446744073709551615 110237913972736 110237914037761 140734722981536 0 0 0 0 0 1938947833 0 0 0 17 2 0 0 0 0 0 110237914063472 110237914079880 110238331498496 140734722989559 140734722989595 140734722989595 140734722990064 0
pid:[4026531836]
/bin/ps -axo pid=,pgid=,rss=,state= 
2026-09-10T02:57:35,007375356+00:00
OWNED_PID=10423
10423 (ps) R 1552 1422 1422 0 -1 4194304 363 0 0 0 0 0 0 0 20 0 1 0 46309 11505664 1036 18446744073709551615 110495351054336 110495351119361 140732991293216 0 0 0 0 0 1938947833 0 0 0 17 1 0 0 0 0 0 110495351145072 110495351161480 110495880171520 140732991294967 140732991295003 140732991295003 140732991295472 0
pid:[4026531836]
/bin/ps -axo pid=,pgid=,rss=,state= 
2026-09-10T02:57:50,042791505+00:00
OWNED_PID=10985
10985 (ps) R 1552 1422 1422 0 -1 4194304 366 0 0 0 0 0 0 0 20 0 1 0 47813 11505664 1031 18446744073709551615 106652397465600 106652397530625 140731387445856 0 0 0 0 0 1938947833 0 0 0 17 1 0 0 0 0 0 106652397556336 106652397572744 106652548644864 140731387452919 140731387452955 140731387452955 140731387453424 0
pid:[4026531836]
/bin/ps -axo pid=,pgid=,rss=,state= 
2026-09-10T02:58:08,307096694+00:00
MainPID=1422
ExecMainStatus=0
ControlGroup=/system.slice/jc2-f10-quotient-actual-execution-20260910.service
ActiveState=active
SubState=running
InvocationID=6be0073ff4f048208f20e1e92f567337
